0	-1.202711
1	-1.142575
2	-1.082439
3	-1.022304
4	-0.962168
5	-0.902033
6	-0.841897
7	-0.781762
8	-0.721626
9	-0.661491
10	-0.601355
11	-0.541220
12	-0.481084
13	-0.420949
14	-0.360813
15	-0.300678
16	-0.240542
17	-0.180407
18	-0.120271
19	-0.060136
20	0.000000
21	0.060136
22	0.120271
23	0.180407
24	0.240542
25	0.300678
26	0.360813
27	0.420949
28	0.481084
29	0.541220
30	0.601355
31	0.661491
32	0.721626
33	0.781762
34	0.841897
35	0.902033
36	0.962168
37	1.022304
38	1.082439
39	1.142575
40	1.202711
41	1.262846
42	1.322982
43	1.383117
44	1.443253
45	1.503388
46	1.563524
47	1.623659
48	1.683795
49	1.743930
50	1.804066
51	1.864201
52	1.924337
53	1.984472
54	2.044608
55	2.104743
56	2.164879
57	2.225014
58	2.285150
59	2.345286
60	2.405421
61	2.465557
62	2.525692
63	2.585828
64	2.645963
65	2.706099
66	2.766234
67	2.826370
68	2.886505
69	2.946641
70	3.006776
71	3.066912
72	3.127047
73	3.187183
74	3.247318
75	3.307454
76	3.367589
77	3.427725
78	3.487860
79	3.547996
80	3.608132
81	3.668267
82	3.728403
83	3.788538
84	3.848674
85	3.908809
86	3.968945
87	4.029080
88	4.089216
89	4.149351
90	4.209487
91	4.269622
92	4.329758
93	4.389893
94	4.450029
95	4.510164
96	4.570300
97	4.630435
98	4.690571
99	4.750707
100	4.810842
101	4.870978
102	4.931113
103	4.991249
104	5.051384
105	5.111520
106	5.171655
107	5.231791
108	5.291926
109	5.352062
110	5.412197
111	5.472333
112	5.532468
113	5.592604
114	5.652739
115	5.712875
116	5.773010
117	5.833146
118	5.893282
119	5.953417
120	6.013553
121	6.073688
122	6.133824
123	6.193959
124	6.254095
125	6.314230
126	6.374366
127	6.434501
128	6.494637
129	6.554772
130	6.614908
131	6.675043
132	6.735179
133	6.795314
134	6.855450
135	6.915585
136	6.975721
137	7.035857
138	7.095992
139	7.156128
140	7.216263
141	7.276399
142	7.336534
143	7.396670
144	7.456805
145	7.516941
146	7.577076
147	7.637212
148	7.697347
149	7.757483
150	7.817618
151	7.877754
152	7.937889
153	7.998025
154	8.058160
155	8.118296
156	8.178432
157	8.238567
158	8.298703
159	8.358838
160	8.418974
161	8.479109
162	8.539245
163	8.599380
164	8.659516
165	8.719651
166	8.779787
167	8.839922
168	8.900058
169	8.960193
170	9.020329
171	9.080464
172	9.140600
173	9.200735
174	9.260871
175	9.321007
176	9.381142
177	9.441278
178	9.501413
179	9.561549
180	9.621684
181	9.681820
182	9.741955
183	9.802091
184	9.862226
185	9.922362
186	9.982497
187	10.042633
188	10.102768
189	10.162904
190	10.223039
191	10.283175
192	10.343310
193	10.403446
194	10.463581
195	10.523717
196	10.583853
197	10.643988
198	10.704124
199	10.764259
200	10.824395
201	10.884530
202	10.944666
203	11.004801
204	11.064937
205	11.125072
206	11.185208
207	11.245343
208	11.305479
209	11.365614
210	11.425750
211	11.485885
212	11.546021
213	11.606156
214	11.666292
215	11.726428
216	11.786563
217	11.846699
218	11.906834
219	11.966970
220	12.027105
221	12.087241
222	12.147376
223	12.207512
224	12.267647
225	12.327783
226	12.387918
227	12.448054
228	12.508189
229	12.568325
230	12.628460
231	12.688596
232	12.748731
233	12.808867
234	12.869003
235	12.929138
236	12.989274
237	13.049409
238	13.109545
239	13.169680
240	13.229816
241	13.289951
242	13.350087
243	13.410222
244	13.470358
245	13.530493
246	13.590629
247	13.650764
248	13.710900
249	13.771035
250	13.831171
251	13.891306
252	13.951442
253	14.011578
254	14.071713
255	14.131849
256	14.191984
257	14.252120
258	14.312255
259	14.372391
260	14.432526
261	14.492662
262	14.552797
263	14.612933
264	14.673068
265	14.733204
266	14.793339
267	14.853475
268	14.913610
269	14.973746
270	15.033881
271	15.094017
272	15.154153
273	15.214288
274	15.274424
275	15.334559
276	15.394695
277	15.454830
278	15.514966
279	15.575101
280	15.635237
281	15.695372
282	15.755508
283	15.815643
284	15.875779
285	15.935914
286	15.996050
287	16.056185
288	16.116321
289	16.176456
290	16.236592
291	16.296727
292	16.356863
293	16.416999
294	16.477134
295	16.537270
296	16.597405
297	16.657541
298	16.717676
299	16.777812
300	16.837947
301	16.898083
302	16.958218
303	17.018354
304	17.078489
305	17.138625
306	17.198760
307	17.258896
308	17.319031
309	17.379167
310	17.439302
311	17.499438
312	17.559574
313	17.619709
314	17.679845
315	17.739980
316	17.800116
317	17.860251
318	17.920387
319	17.980522
320	18.040658
321	18.100793
322	18.160929
323	18.221064
324	18.281200
325	18.341335
326	18.401471
327	18.461606
328	18.521742
329	18.581877
330	18.642013
331	18.702149
332	18.762284
333	18.822420
334	18.882555
335	18.942691
336	19.002826
337	19.062962
338	19.123097
339	19.183233
340	19.243368
341	19.303504
342	19.363639
343	19.423775
344	19.483910
345	19.544046
346	19.604181
347	19.664317
348	19.724452
349	19.784588
350	19.844724
351	19.904859
352	19.964995
353	20.025130
354	20.085266
355	20.145401
356	20.205537
357	20.265672
358	20.325808
359	20.385943
360	20.446079
361	20.506214
362	20.566350
363	20.626485
364	20.686621
365	20.746756
366	20.806892
367	20.867027
368	20.927163
369	20.987299
370	21.047434
371	21.107570
372	21.167705
373	21.227841
374	21.287976
375	21.348112
376	21.408247
377	21.468383
378	21.528518
379	21.588654
380	21.648789
381	21.708925
382	21.769060
383	21.829196
384	21.889331
385	21.949467
386	22.009602
387	22.069738
388	22.129873
389	22.190009
390	22.250145
391	22.310280
392	22.370416
393	22.430551
394	22.490687
395	22.550822
396	22.610958
397	22.671093
398	22.731229
399	22.791364
400	22.851500
401	22.911635
402	22.971771
403	23.031906
404	23.092042
405	23.152177
406	23.212313
407	23.272448
408	23.332584
409	23.392720
410	23.452855
411	23.512991
412	23.573126
413	23.633262
414	23.693397
415	23.753533
416	23.813668
417	23.873804
418	23.933939
419	23.994075
420	24.054210
421	24.114346
422	24.174481
423	24.234617
424	24.294752
425	24.354888
426	24.415023
427	24.475159
428	24.535295
429	24.595430
430	24.655566
431	24.715701
432	24.775837
433	24.835972
434	24.896108
435	24.956243
436	25.016379
437	25.076514
438	25.136650
439	25.196785
440	25.256921
441	25.317056
442	25.377192
443	25.437327
444	25.497463
445	25.557598
446	25.617734
447	25.677870
448	25.738005
449	25.798141
450	25.858276
451	25.918412
452	25.978547
453	26.038683
454	26.098818
455	26.158954
456	26.219089
457	26.279225
458	26.339360
459	26.399496
460	26.459631
461	26.519767
462	26.579902
463	26.640038
464	26.700173
465	26.760309
466	26.820445
467	26.880580
468	26.940716
469	27.000851
470	27.060987
471	27.121122
472	27.181258
473	27.241393
474	27.301529
475	27.361664
476	27.421800
477	27.481935
478	27.542071
479	27.602206
480	27.662342
481	27.722477
482	27.782613
483	27.842748
484	27.902884
485	27.963019
486	28.023155
487	28.083291
488	28.143426
489	28.203562
490	28.263697
491	28.323833
492	28.383968
493	28.444104
494	28.504239
495	28.564375
496	28.624510
497	28.684646
498	28.744781
499	28.804917
500	28.865052
501	28.925188
502	28.985323
503	29.045459
504	29.105594
505	29.165730
506	29.225866
507	29.286001
508	29.346137
509	29.406272
510	29.466408
511	29.526543
512	29.586679
513	29.646814
514	29.706950
515	29.767085
516	29.827221
517	29.887356
518	29.947492
519	30.007627
520	30.067763
521	30.127898
522	30.188034
523	30.248169
524	30.308305
525	30.368441
526	30.428576
527	30.488712
528	30.548847
529	30.608983
530	30.669118
531	30.729254
532	30.789389
533	30.849525
534	30.909660
535	30.969796
536	31.029931
537	31.090067
538	31.150202
539	31.210338
540	31.270473
541	31.330609
542	31.390744
543	31.450880
544	31.511016
545	31.571151
546	31.631287
547	31.691422
548	31.751558
549	31.811693
550	31.871829
551	31.931964
552	31.992100
553	32.052235
554	32.112371
555	32.172506
556	32.232642
557	32.292777
558	32.352913
559	32.413048
560	32.473184
561	32.533319
562	32.593455
563	32.653591
564	32.713726
565	32.773862
566	32.833997
567	32.894133
568	32.954268
569	33.014404
570	33.074539
571	33.134675
572	33.194810
573	33.254946
574	33.315081
575	33.375217
576	33.435352
577	33.495488
578	33.555623
579	33.615759
580	33.675894
581	33.736030
582	33.796165
583	33.856301
584	33.916437
585	33.976572
586	34.036708
587	34.096843
588	34.156979
589	34.217114
590	34.277250
591	34.337385
592	34.397521
593	34.457656
594	34.517792
595	34.577927
596	34.638063
597	34.698198
598	34.758334
599	34.818469
600	34.878605
601	34.938740
602	34.998876
603	35.059012
604	35.119147
605	35.179283
606	35.239418
607	35.299554
608	35.359689
609	35.419825
610	35.479960
611	35.540096
612	35.600231
613	35.660367
614	35.720502
615	35.780638
616	35.840773
617	35.900909
618	35.961044
619	36.021180
620	36.081315
621	36.141451
622	36.201587
623	36.261722
624	36.321858
625	36.381993
626	36.442129
627	36.502264
628	36.562400
629	36.622535
630	36.682671
631	36.742806
632	36.802942
633	36.863077
634	36.923213
635	36.983348
636	37.043484
637	37.103619
638	37.163755
639	37.223890
640	37.284026
641	37.344162
642	37.404297
643	37.464433
644	37.524568
645	37.584704
646	37.644839
647	37.704975
648	37.765110
649	37.825246
650	37.885381
651	37.945517
652	38.005652
653	38.065788
654	38.125923
655	38.186059
656	38.246194
657	38.306330
658	38.366465
659	38.426601
660	38.486737
661	38.546872
662	38.607008
663	38.667143
664	38.727279
665	38.787414
666	38.847550
667	38.907685
668	38.967821
669	39.027956
670	39.088092
671	39.148227
672	39.208363
673	39.268498
674	39.328634
675	39.388769
676	39.448905
677	39.509040
678	39.569176
679	39.629311
680	39.689447
681	39.749583
682	39.809718
683	39.869854
684	39.929989
685	39.990125
686	40.050260
687	40.110396
688	40.170531
689	40.230667
690	40.290802
691	40.350938
692	40.411073
693	40.471209
694	40.531344
695	40.591480
696	40.651615
697	40.711751
698	40.771886
699	40.832022
700	40.892158
701	40.952293
702	41.012429
703	41.072564
704	41.132700
705	41.192835
706	41.252971
707	41.313106
708	41.373242
709	41.433377
710	41.493513
711	41.553648
712	41.613784
713	41.673919
714	41.734055
715	41.794190
716	41.854326
717	41.914461
718	41.974597
719	42.034733
720	42.094868
721	42.155004
722	42.215139
723	42.275275
724	42.335410
725	42.395546
726	42.455681
727	42.515817
728	42.575952
729	42.636088
730	42.696223
731	42.756359
732	42.816494
733	42.876630
734	42.936765
735	42.996901
736	43.057036
737	43.117172
738	43.177308
739	43.237443
740	43.297579
741	43.357714
742	43.417850
743	43.477985
744	43.538121
745	43.598256
746	43.658392
747	43.718527
748	43.778663
749	43.838798
750	43.898934
751	43.959069
752	44.019205
753	44.079340
754	44.139476
755	44.199611
756	44.259747
757	44.319883
758	44.380018
759	44.440154
760	44.500289
761	44.560425
762	44.620560
763	44.680696
764	44.740831
765	44.800967
766	44.861102
767	44.921238
768	44.981373
769	45.041509
770	45.101644
771	45.161780
772	45.221915
773	45.282051
774	45.342186
775	45.402322
776	45.462457
777	45.522593
778	45.582729
779	45.642864
780	45.703000
781	45.763135
782	45.823271
783	45.883406
784	45.943542
785	46.003677
786	46.063813
787	46.123948
788	46.184084
789	46.244219
790	46.304355
791	46.364490
792	46.424626
793	46.484761
794	46.544897
795	46.605032
796	46.665168
797	46.725304
798	46.785439
799	46.845575
800	46.905710
801	46.965846
802	47.025981
803	47.086117
804	47.146252
805	47.206388
806	47.266523
807	47.326659
808	47.386794
809	47.446930
810	47.507065
811	47.567201
812	47.627336
813	47.687472
814	47.747607
815	47.807743
816	47.867879
817	47.928014
818	47.988150
819	48.048285
820	48.108421
821	48.168556
822	48.228692
823	48.288827
824	48.348963
825	48.409098
826	48.469234
827	48.529369
828	48.589505
829	48.649640
830	48.709776
831	48.769911
832	48.830047
833	48.890182
834	48.950318
835	49.010454
836	49.070589
837	49.130725
838	49.190860
839	49.250996
840	49.311131
841	49.371267
842	49.431402
843	49.491538
844	49.551673
845	49.611809
846	49.671944
847	49.732080
848	49.792215
849	49.852351
850	49.912486
851	49.972622
852	50.032757
853	50.092893
854	50.153029
855	50.213164
856	50.273300
857	50.333435
858	50.393571
859	50.453706
860	50.513842
861	50.573977
862	50.634113
863	50.694248
864	50.754384
865	50.814519
866	50.874655
867	50.934790
868	50.994926
869	51.055061
870	51.115197
871	51.175332
872	51.235468
873	51.295603
874	51.355739
875	51.415875
876	51.476010
877	51.536146
878	51.596281
879	51.656417
880	51.716552
881	51.776688
882	51.836823
883	51.896959
884	51.957094
885	52.017230
886	52.077365
887	52.137501
888	52.197636
889	52.257772
890	52.317907
891	52.378043
892	52.438178
893	52.498314
894	52.558450
895	52.618585
896	52.678721
897	52.738856
898	52.798992
899	52.859127
900	52.919263
901	52.979398
902	53.039534
903	53.099669
904	53.159805
905	53.219940
906	53.280076
907	53.340211
908	53.400347
909	53.460482
910	53.520618
911	53.580753
912	53.640889
913	53.701025
914	53.761160
915	53.821296
916	53.881431
917	53.941567
918	54.001702
919	54.061838
920	54.121973
921	54.182109
922	54.242244
923	54.302380
924	54.362515
925	54.422651
926	54.482786
927	54.542922
928	54.603057
929	54.663193
930	54.723328
931	54.783464
932	54.843600
933	54.903735
934	54.963871
935	55.024006
936	55.084142
937	55.144277
938	55.204413
939	55.264548
940	55.324684
941	55.384819
942	55.444955
943	55.505090
944	55.565226
945	55.625361
946	55.685497
947	55.745632
948	55.805768
949	55.865903
950	55.926039
951	55.986175
952	56.046310
953	56.106446
954	56.166581
955	56.226717
956	56.286852
957	56.346988
958	56.407123
959	56.467259
960	56.527394
961	56.587530
962	56.647665
963	56.707801
964	56.767936
965	56.828072
966	56.888207
967	56.948343
968	57.008478
969	57.068614
970	57.128749
971	57.188885
972	57.249021
973	57.309156
974	57.369292
975	57.429427
976	57.489563
977	57.549698
978	57.609834
979	57.669969
980	57.730105
981	57.790240
982	57.850376
983	57.910511
984	57.970647
985	58.030782
986	58.090918
987	58.151053
988	58.211189
989	58.271324
990	58.331460
991	58.391596
992	58.451731
993	58.511867
994	58.572002
995	58.632138
996	58.692273
997	58.752409
998	58.812544
999	58.872680
1000	58.932815
1001	58.992951
1002	59.053086
1003	59.113222
1004	59.173357
1005	59.233493
1006	59.293628
1007	59.353764
1008	59.413899
1009	59.474035
1010	59.534171
1011	59.594306
1012	59.654442
1013	59.714577
1014	59.774713
1015	59.834848
1016	59.894984
1017	59.955119
1018	60.015255
1019	60.075390
1020	60.135526
1021	60.195661
1022	60.255797
1023	60.315932
1024	60.376068
1025	60.436203
1026	60.496339
1027	60.556474
1028	60.616610
1029	60.676746
1030	60.736881
1031	60.797017
1032	60.857152
1033	60.917288
1034	60.977423
1035	61.037559
1036	61.097694
1037	61.157830
1038	61.217965
1039	61.278101
1040	61.338236
1041	61.398372
1042	61.458507
1043	61.518643
1044	61.578778
1045	61.638914
1046	61.699049
1047	61.759185
1048	61.819321
1049	61.879456
1050	61.939592
1051	61.999727
1052	62.059863
1053	62.119998
1054	62.180134
1055	62.240269
1056	62.300405
1057	62.360540
1058	62.420676
1059	62.480811
1060	62.540947
1061	62.601082
1062	62.661218
1063	62.721353
1064	62.781489
1065	62.841624
1066	62.901760
1067	62.961895
1068	63.022031
1069	63.082167
1070	63.142302
1071	63.202438
1072	63.262573
1073	63.322709
1074	63.382844
1075	63.442980
1076	63.503115
1077	63.563251
1078	63.623386
1079	63.683522
1080	63.743657
1081	63.803793
1082	63.863928
1083	63.924064
1084	63.984199
1085	64.044335
1086	64.104470
1087	64.164606
1088	64.224742
1089	64.284877
1090	64.345013
1091	64.405148
1092	64.465284
1093	64.525419
1094	64.585555
1095	64.645690
1096	64.705826
1097	64.765961
1098	64.826097
1099	64.886232
1100	64.946368
1101	65.006503
1102	65.066639
1103	65.126774
1104	65.186910
1105	65.247045
1106	65.307181
1107	65.367317
1108	65.427452
1109	65.487588
1110	65.547723
1111	65.607859
1112	65.667994
1113	65.728130
1114	65.788265
1115	65.848401
1116	65.908536
1117	65.968672
1118	66.028807
1119	66.088943
1120	66.149078
1121	66.209214
1122	66.269349
1123	66.329485
1124	66.389620
1125	66.449756
1126	66.509892
1127	66.570027
1128	66.630163
1129	66.690298
1130	66.750434
1131	66.810569
1132	66.870705
1133	66.930840
1134	66.990976
1135	67.051111
1136	67.111247
1137	67.171382
1138	67.231518
1139	67.291653
1140	67.351789
1141	67.411924
1142	67.472060
1143	67.532195
1144	67.592331
1145	67.652467
1146	67.712602
1147	67.772738
1148	67.832873
1149	67.893009
1150	67.953144
1151	68.013280
1152	68.073415
1153	68.133551
1154	68.193686
1155	68.253822
1156	68.313957
1157	68.374093
1158	68.434228
1159	68.494364
1160	68.554499
1161	68.614635
1162	68.674770
1163	68.734906
1164	68.795042
1165	68.855177
1166	68.915313
1167	68.975448
1168	69.035584
1169	69.095719
1170	69.155855
1171	69.215990
1172	69.276126
1173	69.336261
1174	69.396397
1175	69.456532
1176	69.516668
1177	69.576803
1178	69.636939
1179	69.697074
1180	69.757210
1181	69.817345
1182	69.877481
1183	69.937616
1184	69.997752
1185	70.057888
1186	70.118023
1187	70.178159
1188	70.238294
1189	70.298430
1190	70.358565
1191	70.418701
1192	70.478836
1193	70.538972
1194	70.599107
1195	70.659243
1196	70.719378
1197	70.779514
1198	70.839649
1199	70.899785
1200	70.959920
1201	71.020056
1202	71.080191
1203	71.140327
1204	71.200463
1205	71.260598
1206	71.320734
1207	71.380869
1208	71.441005
1209	71.501140
1210	71.561276
1211	71.621411
1212	71.681547
1213	71.741682
1214	71.801818
1215	71.861953
1216	71.922089
1217	71.982224
1218	72.042360
1219	72.102495
1220	72.162631
1221	72.222766
1222	72.282902
1223	72.343038
1224	72.403173
1225	72.463309
1226	72.523444
1227	72.583580
1228	72.643715
1229	72.703851
1230	72.763986
1231	72.824122
1232	72.884257
1233	72.944393
1234	73.004528
1235	73.064664
1236	73.124799
1237	73.184935
1238	73.245070
1239	73.305206
1240	73.365341
1241	73.425477
1242	73.485613
1243	73.545748
1244	73.605884
1245	73.666019
1246	73.726155
1247	73.786290
1248	73.846426
1249	73.906561
1250	73.966697
1251	74.026832
1252	74.086968
1253	74.147103
1254	74.207239
1255	74.267374
1256	74.327510
1257	74.387645
1258	74.447781
1259	74.507916
1260	74.568052
1261	74.628188
1262	74.688323
1263	74.748459
1264	74.808594
1265	74.868730
1266	74.928865
1267	74.989001
1268	75.049136
1269	75.109272
1270	75.169407
1271	75.229543
1272	75.289678
1273	75.349814
1274	75.409949
1275	75.470085
1276	75.530220
1277	75.590356
1278	75.650491
1279	75.710627
1280	75.770762
1281	75.830898
1282	75.891034
1283	75.951169
1284	76.011305
1285	76.071440
1286	76.131576
1287	76.191711
1288	76.251847
1289	76.311982
1290	76.372118
1291	76.432253
1292	76.492389
1293	76.552524
1294	76.612660
1295	76.672795
1296	76.732931
1297	76.793066
1298	76.853202
1299	76.913337
1300	76.973473
1301	77.033609
1302	77.093744
1303	77.153880
1304	77.214015
1305	77.274151
1306	77.334286
1307	77.394422
1308	77.454557
1309	77.514693
1310	77.574828
1311	77.634964
1312	77.695099
1313	77.755235
1314	77.815370
1315	77.875506
1316	77.935641
1317	77.995777
1318	78.055912
1319	78.116048
1320	78.176184
1321	78.236319
1322	78.296455
1323	78.356590
1324	78.416726
1325	78.476861
1326	78.536997
1327	78.597132
1328	78.657268
1329	78.717403
1330	78.777539
1331	78.837674
1332	78.897810
1333	78.957945
1334	79.018081
1335	79.078216
1336	79.138352
1337	79.198487
1338	79.258623
1339	79.318759
1340	79.378894
1341	79.439030
1342	79.499165
1343	79.559301
1344	79.619436
1345	79.679572
1346	79.739707
1347	79.799843
1348	79.859978
1349	79.920114
1350	79.980249
1351	80.040385
1352	80.100520
1353	80.160656
1354	80.220791
1355	80.280927
1356	80.341062
1357	80.401198
1358	80.461334
1359	80.521469
1360	80.581605
1361	80.641740
1362	80.701876
1363	80.762011
1364	80.822147
1365	80.882282
1366	80.942418
1367	81.002553
1368	81.062689
1369	81.122824
1370	81.182960
1371	81.243095
1372	81.303231
1373	81.363366
1374	81.423502
1375	81.483637
1376	81.543773
1377	81.603908
1378	81.664044
1379	81.724180
1380	81.784315
1381	81.844451
1382	81.904586
1383	81.964722
1384	82.024857
1385	82.084993
1386	82.145128
1387	82.205264
1388	82.265399
1389	82.325535
1390	82.385670
1391	82.445806
1392	82.505941
1393	82.566077
1394	82.626212
1395	82.686348
1396	82.746483
1397	82.806619
1398	82.866755
1399	82.926890
1400	82.987026
1401	83.047161
1402	83.107297
1403	83.167432
1404	83.227568
1405	83.287703
1406	83.347839
1407	83.407974
1408	83.468110
1409	83.528245
1410	83.588381
1411	83.648516
1412	83.708652
1413	83.768787
1414	83.828923
1415	83.889058
1416	83.949194
1417	84.009330
1418	84.069465
1419	84.129601
1420	84.189736
1421	84.249872
1422	84.310007
1423	84.370143
1424	84.430278
1425	84.490414
1426	84.550549
1427	84.610685
1428	84.670820
1429	84.730956
1430	84.791091
1431	84.851227
1432	84.911362
1433	84.971498
1434	85.031633
1435	85.091769
1436	85.151905
1437	85.212040
1438	85.272176
1439	85.332311
1440	85.392447
1441	85.452582
1442	85.512718
1443	85.572853
1444	85.632989
1445	85.693124
1446	85.753260
1447	85.813395
1448	85.873531
1449	85.933666
1450	85.993802
1451	86.053937
1452	86.114073
1453	86.174208
1454	86.234344
1455	86.294480
1456	86.354615
1457	86.414751
1458	86.474886
1459	86.535022
1460	86.595157
1461	86.655293
1462	86.715428
1463	86.775564
1464	86.835699
1465	86.895835
1466	86.955970
1467	87.016106
1468	87.076241
1469	87.136377
1470	87.196512
1471	87.256648
1472	87.316783
1473	87.376919
1474	87.437054
1475	87.497190
1476	87.557326
1477	87.617461
1478	87.677597
1479	87.737732
1480	87.797868
1481	87.858003
1482	87.918139
1483	87.978274
1484	88.038410
1485	88.098545
1486	88.158681
1487	88.218816
1488	88.278952
1489	88.339087
1490	88.399223
1491	88.459358
1492	88.519494
1493	88.579629
1494	88.639765
1495	88.699901
1496	88.760036
1497	88.820172
1498	88.880307
1499	88.940443
1500	89.000578
1501	89.060714
1502	89.120849
1503	89.180985
1504	89.241120
1505	89.301256
1506	89.361391
1507	89.421527
1508	89.481662
1509	89.541798
1510	89.601933
1511	89.662069
1512	89.722204
1513	89.782340
1514	89.842476
1515	89.902611
1516	89.962747
1517	90.022882
1518	90.083018
1519	90.143153
1520	90.203289
1521	90.263424
1522	90.323560
1523	90.383695
1524	90.443831
1525	90.503966
1526	90.564102
1527	90.624237
1528	90.684373
1529	90.744508
1530	90.804644
1531	90.864779
1532	90.924915
1533	90.985051
1534	91.045186
1535	91.105322
1536	91.165457
1537	91.225593
1538	91.285728
1539	91.345864
1540	91.405999
1541	91.466135
1542	91.526270
1543	91.586406
1544	91.646541
1545	91.706677
1546	91.766812
1547	91.826948
1548	91.887083
1549	91.947219
1550	92.007354
1551	92.067490
1552	92.127626
1553	92.187761
1554	92.247897
1555	92.308032
1556	92.368168
1557	92.428303
1558	92.488439
1559	92.548574
1560	92.608710
1561	92.668845
1562	92.728981
1563	92.789116
1564	92.849252
1565	92.909387
1566	92.969523
1567	93.029658
1568	93.089794
1569	93.149929
1570	93.210065
1571	93.270200
1572	93.330336
1573	93.390472
1574	93.450607
1575	93.510743
1576	93.570878
1577	93.631014
1578	93.691149
1579	93.751285
1580	93.811420
1581	93.871556
1582	93.931691
1583	93.991827
1584	94.051962
1585	94.112098
1586	94.172233
1587	94.232369
1588	94.292504
1589	94.352640
1590	94.412775
1591	94.472911
1592	94.533047
1593	94.593182
1594	94.653318
1595	94.713453
1596	94.773589
1597	94.833724
1598	94.893860
1599	94.953995
1600	95.014131
1601	95.074266
1602	95.134402
1603	95.194537
1604	95.254673
1605	95.314808
1606	95.374944
1607	95.435079
1608	95.495215
1609	95.555350
1610	95.615486
1611	95.675622
1612	95.735757
1613	95.795893
1614	95.856028
1615	95.916164
1616	95.976299
1617	96.036435
1618	96.096570
1619	96.156706
1620	96.216841
1621	96.276977
1622	96.337112
1623	96.397248
1624	96.457383
1625	96.517519
1626	96.577654
1627	96.637790
1628	96.697925
1629	96.758061
1630	96.818197
1631	96.878332
1632	96.938468
1633	96.998603
1634	97.058739
1635	97.118874
1636	97.179010
1637	97.239145
1638	97.299281
1639	97.359416
1640	97.419552
1641	97.479687
1642	97.539823
1643	97.599958
1644	97.660094
1645	97.720229
1646	97.780365
1647	97.840500
1648	97.900636
1649	97.960772
1650	98.020907
1651	98.081043
1652	98.141178
1653	98.201314
1654	98.261449
1655	98.321585
1656	98.381720
1657	98.441856
1658	98.501991
1659	98.562127
1660	98.622262
1661	98.682398
1662	98.742533
1663	98.802669
1664	98.862804
1665	98.922940
1666	98.983075
1667	99.043211
1668	99.103346
1669	99.163482
1670	99.223618
1671	99.283753
1672	99.343889
1673	99.404024
1674	99.464160
1675	99.524295
1676	99.584431
1677	99.644566
1678	99.704702
1679	99.764837
1680	99.824973
1681	99.885108
1682	99.945244
1683	100.005379
1684	100.065515
1685	100.125650
1686	100.185786
1687	100.245921
1688	100.306057
1689	100.366193
1690	100.426328
1691	100.486464
1692	100.546599
1693	100.606735
1694	100.666870
1695	100.727006
1696	100.787141
1697	100.847277
1698	100.907412
1699	100.967548
1700	101.027683
1701	101.087819
1702	101.147954
1703	101.208090
1704	101.268225
1705	101.328361
1706	101.388496
1707	101.448632
1708	101.508768
1709	101.568903
1710	101.629039
1711	101.689174
1712	101.749310
1713	101.809445
1714	101.869581
1715	101.929716
1716	101.989852
1717	102.049987
1718	102.110123
1719	102.170258
1720	102.230394
1721	102.290529
1722	102.350665
1723	102.410800
1724	102.470936
1725	102.531071
1726	102.591207
1727	102.651343
1728	102.711478
1729	102.771614
1730	102.831749
1731	102.891885
1732	102.952020
1733	103.012156
1734	103.072291
1735	103.132427
1736	103.192562
1737	103.252698
1738	103.312833
1739	103.372969
1740	103.433104
1741	103.493240
1742	103.553375
1743	103.613511
1744	103.673646
1745	103.733782
1746	103.793918
1747	103.854053
1748	103.914189
1749	103.974324
1750	104.034460
1751	104.094595
1752	104.154731
1753	104.214866
1754	104.275002
1755	104.335137
1756	104.395273
1757	104.455408
1758	104.515544
1759	104.575679
1760	104.635815
1761	104.695950
1762	104.756086
1763	104.816221
1764	104.876357
1765	104.936492
1766	104.996628
1767	105.056764
1768	105.116899
1769	105.177035
1770	105.237170
1771	105.297306
1772	105.357441
1773	105.417577
1774	105.477712
1775	105.537848
1776	105.597983
1777	105.658119
1778	105.718254
1779	105.778390
1780	105.838525
1781	105.898661
1782	105.958796
1783	106.018932
1784	106.079067
1785	106.139203
1786	106.199339
1787	106.259474
1788	106.319610
1789	106.379745
1790	106.439881
1791	106.500016
1792	106.560152
1793	106.620287
1794	106.680423
1795	106.740558
1796	106.800694
1797	106.860829
1798	106.920965
1799	106.981100
1800	107.041236
1801	107.101371
1802	107.161507
1803	107.221642
1804	107.281778
1805	107.341914
1806	107.402049
1807	107.462185
1808	107.522320
1809	107.582456
1810	107.642591
1811	107.702727
1812	107.762862
1813	107.822998
1814	107.883133
1815	107.943269
1816	108.003404
1817	108.063540
1818	108.123675
1819	108.183811
1820	108.243946
1821	108.304082
1822	108.364217
1823	108.424353
1824	108.484489
1825	108.544624
1826	108.604760
1827	108.664895
1828	108.725031
1829	108.785166
1830	108.845302
1831	108.905437
1832	108.965573
1833	109.025708
1834	109.085844
1835	109.145979
1836	109.206115
1837	109.266250
1838	109.326386
1839	109.386521
1840	109.446657
1841	109.506792
1842	109.566928
1843	109.627064
1844	109.687199
1845	109.747335
1846	109.807470
1847	109.867606
1848	109.927741
1849	109.987877
1850	110.048012
1851	110.108148
1852	110.168283
1853	110.228419
1854	110.288554
1855	110.348690
1856	110.408825
1857	110.468961
1858	110.529096
1859	110.589232
1860	110.649367
1861	110.709503
1862	110.769638
1863	110.829774
1864	110.889910
1865	110.950045
1866	111.010181
1867	111.070316
1868	111.130452
1869	111.190587
1870	111.250723
1871	111.310858
1872	111.370994
1873	111.431129
1874	111.491265
1875	111.551400
1876	111.611536
1877	111.671671
1878	111.731807
1879	111.791942
1880	111.852078
1881	111.912213
1882	111.972349
1883	112.032485
1884	112.092620
1885	112.152756
1886	112.212891
1887	112.273027
1888	112.333162
1889	112.393298
1890	112.453433
1891	112.513569
1892	112.573704
1893	112.633840
1894	112.693975
1895	112.754111
1896	112.814246
1897	112.874382
1898	112.934517
1899	112.994653
1900	113.054788
1901	113.114924
1902	113.175060
1903	113.235195
1904	113.295331
1905	113.355466
1906	113.415602
1907	113.475737
1908	113.535873
1909	113.596008
1910	113.656144
1911	113.716279
1912	113.776415
1913	113.836550
1914	113.896686
1915	113.956821
1916	114.016957
1917	114.077092
1918	114.137228
1919	114.197363
1920	114.257499
1921	114.317635
1922	114.377770
1923	114.437906
1924	114.498041
1925	114.558177
1926	114.618312
1927	114.678448
1928	114.738583
1929	114.798719
1930	114.858854
1931	114.918990
1932	114.979125
1933	115.039261
1934	115.099396
1935	115.159532
1936	115.219667
1937	115.279803
1938	115.339938
1939	115.400074
1940	115.460210
1941	115.520345
1942	115.580481
1943	115.640616
1944	115.700752
1945	115.760887
1946	115.821023
1947	115.881158
1948	115.941294
1949	116.001429
1950	116.061565
1951	116.121700
1952	116.181836
1953	116.241971
1954	116.302107
1955	116.362242
1956	116.422378
1957	116.482513
1958	116.542649
1959	116.602784
1960	116.662920
1961	116.723056
1962	116.783191
1963	116.843327
1964	116.903462
1965	116.963598
1966	117.023733
1967	117.083869
1968	117.144004
1969	117.204140
1970	117.264275
1971	117.324411
1972	117.384546
1973	117.444682
1974	117.504817
1975	117.564953
1976	117.625088
1977	117.685224
1978	117.745359
1979	117.805495
1980	117.865631
1981	117.925766
1982	117.985902
1983	118.046037
1984	118.106173
1985	118.166308
1986	118.226444
1987	118.286579
1988	118.346715
1989	118.406850
1990	118.466986
1991	118.527121
1992	118.587257
1993	118.647392
1994	118.707528
1995	118.767663
1996	118.827799
1997	118.887934
1998	118.948070
1999	119.008206
2000	119.068341
2001	119.128477
2002	119.188612
2003	119.248748
2004	119.308883
2005	119.369019
2006	119.429154
2007	119.489290
2008	119.549425
2009	119.609561
2010	119.669696
2011	119.729832
2012	119.789967
2013	119.850103
2014	119.910238
2015	119.970374
2016	120.030509
2017	120.090645
2018	120.150781
2019	120.210916
2020	120.271052
2021	120.331187
2022	120.391323
2023	120.451458
2024	120.511594
2025	120.571729
2026	120.631865
2027	120.692000
2028	120.752136
2029	120.812271
2030	120.872407
2031	120.932542
2032	120.992678
2033	121.052813
2034	121.112949
2035	121.173084
2036	121.233220
2037	121.293356
2038	121.353491
2039	121.413627
2040	121.473762
2041	121.533898
2042	121.594033
2043	121.654169
2044	121.714304
2045	121.774440
2046	121.834575
2047	121.894711
