0	-1.196848
1	-1.137006
2	-1.077163
3	-1.017321
4	-0.957478
5	-0.897636
6	-0.837794
7	-0.777951
8	-0.718109
9	-0.658266
10	-0.598424
11	-0.538582
12	-0.478739
13	-0.418897
14	-0.359054
15	-0.299212
16	-0.239370
17	-0.179527
18	-0.119685
19	-0.059842
20	0.000000
21	0.059842
22	0.119685
23	0.179527
24	0.239370
25	0.299212
26	0.359054
27	0.418897
28	0.478739
29	0.538582
30	0.598424
31	0.658266
32	0.718109
33	0.777951
34	0.837794
35	0.897636
36	0.957478
37	1.017321
38	1.077163
39	1.137006
40	1.196848
41	1.256690
42	1.316533
43	1.376375
44	1.436218
45	1.496060
46	1.555902
47	1.615745
48	1.675587
49	1.735430
50	1.795272
51	1.855114
52	1.914957
53	1.974799
54	2.034642
55	2.094484
56	2.154326
57	2.214169
58	2.274011
59	2.333854
60	2.393696
61	2.453538
62	2.513381
63	2.573223
64	2.633066
65	2.692908
66	2.752750
67	2.812593
68	2.872435
69	2.932278
70	2.992120
71	3.051962
72	3.111805
73	3.171647
74	3.231490
75	3.291332
76	3.351174
77	3.411017
78	3.470859
79	3.530702
80	3.590544
81	3.650386
82	3.710229
83	3.770071
84	3.829914
85	3.889756
86	3.949598
87	4.009441
88	4.069283
89	4.129126
90	4.188968
91	4.248810
92	4.308653
93	4.368495
94	4.428338
95	4.488180
96	4.548022
97	4.607865
98	4.667707
99	4.727550
100	4.787392
101	4.847234
102	4.907077
103	4.966919
104	5.026762
105	5.086604
106	5.146446
107	5.206289
108	5.266131
109	5.325974
110	5.385816
111	5.445659
112	5.505501
113	5.565343
114	5.625186
115	5.685028
116	5.744871
117	5.804713
118	5.864555
119	5.924398
120	5.984240
121	6.044083
122	6.103925
123	6.163767
124	6.223610
125	6.283452
126	6.343295
127	6.403137
128	6.462979
129	6.522822
130	6.582664
131	6.642507
132	6.702349
133	6.762191
134	6.822034
135	6.881876
136	6.941719
137	7.001561
138	7.061403
139	7.121246
140	7.181088
141	7.240931
142	7.300773
143	7.360615
144	7.420458
145	7.480300
146	7.540143
147	7.599985
148	7.659827
149	7.719670
150	7.779512
151	7.839355
152	7.899197
153	7.959039
154	8.018882
155	8.078724
156	8.138567
157	8.198409
158	8.258251
159	8.318094
160	8.377936
161	8.437779
162	8.497621
163	8.557463
164	8.617306
165	8.677148
166	8.736991
167	8.796833
168	8.856675
169	8.916518
170	8.976360
171	9.036203
172	9.096045
173	9.155887
174	9.215730
175	9.275572
176	9.335415
177	9.395257
178	9.455099
179	9.514942
180	9.574784
181	9.634627
182	9.694469
183	9.754311
184	9.814154
185	9.873996
186	9.933839
187	9.993681
188	10.053523
189	10.113366
190	10.173208
191	10.233051
192	10.292893
193	10.352735
194	10.412578
195	10.472420
196	10.532263
197	10.592105
198	10.651947
199	10.711790
200	10.771632
201	10.831475
202	10.891317
203	10.951159
204	11.011002
205	11.070844
206	11.130687
207	11.190529
208	11.250371
209	11.310214
210	11.370056
211	11.429899
212	11.489741
213	11.549583
214	11.609426
215	11.669268
216	11.729111
217	11.788953
218	11.848795
219	11.908638
220	11.968480
221	12.028323
222	12.088165
223	12.148007
224	12.207850
225	12.267692
226	12.327535
227	12.387377
228	12.447219
229	12.507062
230	12.566904
231	12.626747
232	12.686589
233	12.746431
234	12.806274
235	12.866116
236	12.925959
237	12.985801
238	13.045643
239	13.105486
240	13.165328
241	13.225171
242	13.285013
243	13.344855
244	13.404698
245	13.464540
246	13.524383
247	13.584225
248	13.644067
249	13.703910
250	13.763752
251	13.823595
252	13.883437
253	13.943279
254	14.003122
255	14.062964
256	14.122807
257	14.182649
258	14.242491
259	14.302334
260	14.362176
261	14.422019
262	14.481861
263	14.541703
264	14.601546
265	14.661388
266	14.721231
267	14.781073
268	14.840915
269	14.900758
270	14.960600
271	15.020443
272	15.080285
273	15.140127
274	15.199970
275	15.259812
276	15.319655
277	15.379497
278	15.439340
279	15.499182
280	15.559024
281	15.618867
282	15.678709
283	15.738552
284	15.798394
285	15.858236
286	15.918079
287	15.977921
288	16.037764
289	16.097606
290	16.157448
291	16.217291
292	16.277133
293	16.336976
294	16.396818
295	16.456660
296	16.516503
297	16.576345
298	16.636188
299	16.696030
300	16.755872
301	16.815715
302	16.875557
303	16.935400
304	16.995242
305	17.055084
306	17.114927
307	17.174769
308	17.234612
309	17.294454
310	17.354296
311	17.414139
312	17.473981
313	17.533824
314	17.593666
315	17.653508
316	17.713351
317	17.773193
318	17.833036
319	17.892878
320	17.952720
321	18.012563
322	18.072405
323	18.132248
324	18.192090
325	18.251932
326	18.311775
327	18.371617
328	18.431460
329	18.491302
330	18.551144
331	18.610987
332	18.670829
333	18.730672
334	18.790514
335	18.850356
336	18.910199
337	18.970041
338	19.029884
339	19.089726
340	19.149568
341	19.209411
342	19.269253
343	19.329096
344	19.388938
345	19.448780
346	19.508623
347	19.568465
348	19.628308
349	19.688150
350	19.747992
351	19.807835
352	19.867677
353	19.927520
354	19.987362
355	20.047204
356	20.107047
357	20.166889
358	20.226732
359	20.286574
360	20.346416
361	20.406259
362	20.466101
363	20.525944
364	20.585786
365	20.645628
366	20.705471
367	20.765313
368	20.825156
369	20.884998
370	20.944840
371	21.004683
372	21.064525
373	21.124368
374	21.184210
375	21.244052
376	21.303895
377	21.363737
378	21.423580
379	21.483422
380	21.543264
381	21.603107
382	21.662949
383	21.722792
384	21.782634
385	21.842476
386	21.902319
387	21.962161
388	22.022004
389	22.081846
390	22.141688
391	22.201531
392	22.261373
393	22.321216
394	22.381058
395	22.440900
396	22.500743
397	22.560585
398	22.620428
399	22.680270
400	22.740112
401	22.799955
402	22.859797
403	22.919640
404	22.979482
405	23.039324
406	23.099167
407	23.159009
408	23.218852
409	23.278694
410	23.338536
411	23.398379
412	23.458221
413	23.518064
414	23.577906
415	23.637748
416	23.697591
417	23.757433
418	23.817276
419	23.877118
420	23.936960
421	23.996803
422	24.056645
423	24.116488
424	24.176330
425	24.236172
426	24.296015
427	24.355857
428	24.415700
429	24.475542
430	24.535384
431	24.595227
432	24.655069
433	24.714912
434	24.774754
435	24.834596
436	24.894439
437	24.954281
438	25.014124
439	25.073966
440	25.133808
441	25.193651
442	25.253493
443	25.313336
444	25.373178
445	25.433020
446	25.492863
447	25.552705
448	25.612548
449	25.672390
450	25.732233
451	25.792075
452	25.851917
453	25.911760
454	25.971602
455	26.031445
456	26.091287
457	26.151129
458	26.210972
459	26.270814
460	26.330657
461	26.390499
462	26.450341
463	26.510184
464	26.570026
465	26.629869
466	26.689711
467	26.749553
468	26.809396
469	26.869238
470	26.929081
471	26.988923
472	27.048765
473	27.108608
474	27.168450
475	27.228293
476	27.288135
477	27.347977
478	27.407820
479	27.467662
480	27.527505
481	27.587347
482	27.647189
483	27.707032
484	27.766874
485	27.826717
486	27.886559
487	27.946401
488	28.006244
489	28.066086
490	28.125929
491	28.185771
492	28.245613
493	28.305456
494	28.365298
495	28.425141
496	28.484983
497	28.544825
498	28.604668
499	28.664510
500	28.724353
501	28.784195
502	28.844037
503	28.903880
504	28.963722
505	29.023565
506	29.083407
507	29.143249
508	29.203092
509	29.262934
510	29.322777
511	29.382619
512	29.442461
513	29.502304
514	29.562146
515	29.621989
516	29.681831
517	29.741673
518	29.801516
519	29.861358
520	29.921201
521	29.981043
522	30.040885
523	30.100728
524	30.160570
525	30.220413
526	30.280255
527	30.340097
528	30.399940
529	30.459782
530	30.519625
531	30.579467
532	30.639309
533	30.699152
534	30.758994
535	30.818837
536	30.878679
537	30.938521
538	30.998364
539	31.058206
540	31.118049
541	31.177891
542	31.237733
543	31.297576
544	31.357418
545	31.417261
546	31.477103
547	31.536945
548	31.596788
549	31.656630
550	31.716473
551	31.776315
552	31.836157
553	31.896000
554	31.955842
555	32.015685
556	32.075527
557	32.135369
558	32.195212
559	32.255054
560	32.314897
561	32.374739
562	32.434581
563	32.494424
564	32.554266
565	32.614109
566	32.673951
567	32.733793
568	32.793636
569	32.853478
570	32.913321
571	32.973163
572	33.033005
573	33.092848
574	33.152690
575	33.212533
576	33.272375
577	33.332217
578	33.392060
579	33.451902
580	33.511745
581	33.571587
582	33.631429
583	33.691272
584	33.751114
585	33.810957
586	33.870799
587	33.930641
588	33.990484
589	34.050326
590	34.110169
591	34.170011
592	34.229853
593	34.289696
594	34.349538
595	34.409381
596	34.469223
597	34.529065
598	34.588908
599	34.648750
600	34.708593
601	34.768435
602	34.828277
603	34.888120
604	34.947962
605	35.007805
606	35.067647
607	35.127489
608	35.187332
609	35.247174
610	35.307017
611	35.366859
612	35.426701
613	35.486544
614	35.546386
615	35.606229
616	35.666071
617	35.725914
618	35.785756
619	35.845598
620	35.905441
621	35.965283
622	36.025126
623	36.084968
624	36.144810
625	36.204653
626	36.264495
627	36.324338
628	36.384180
629	36.444022
630	36.503865
631	36.563707
632	36.623550
633	36.683392
634	36.743234
635	36.803077
636	36.862919
637	36.922762
638	36.982604
639	37.042446
640	37.102289
641	37.162131
642	37.221974
643	37.281816
644	37.341658
645	37.401501
646	37.461343
647	37.521186
648	37.581028
649	37.640870
650	37.700713
651	37.760555
652	37.820398
653	37.880240
654	37.940082
655	37.999925
656	38.059767
657	38.119610
658	38.179452
659	38.239294
660	38.299137
661	38.358979
662	38.418822
663	38.478664
664	38.538506
665	38.598349
666	38.658191
667	38.718034
668	38.777876
669	38.837718
670	38.897561
671	38.957403
672	39.017246
673	39.077088
674	39.136930
675	39.196773
676	39.256615
677	39.316458
678	39.376300
679	39.436142
680	39.495985
681	39.555827
682	39.615670
683	39.675512
684	39.735354
685	39.795197
686	39.855039
687	39.914882
688	39.974724
689	40.034566
690	40.094409
691	40.154251
692	40.214094
693	40.273936
694	40.333778
695	40.393621
696	40.453463
697	40.513306
698	40.573148
699	40.632990
700	40.692833
701	40.752675
702	40.812518
703	40.872360
704	40.932202
705	40.992045
706	41.051887
707	41.111730
708	41.171572
709	41.231414
710	41.291257
711	41.351099
712	41.410942
713	41.470784
714	41.530626
715	41.590469
716	41.650311
717	41.710154
718	41.769996
719	41.829838
720	41.889681
721	41.949523
722	42.009366
723	42.069208
724	42.129050
725	42.188893
726	42.248735
727	42.308578
728	42.368420
729	42.428262
730	42.488105
731	42.547947
732	42.607790
733	42.667632
734	42.727474
735	42.787317
736	42.847159
737	42.907002
738	42.966844
739	43.026686
740	43.086529
741	43.146371
742	43.206214
743	43.266056
744	43.325898
745	43.385741
746	43.445583
747	43.505426
748	43.565268
749	43.625110
750	43.684953
751	43.744795
752	43.804638
753	43.864480
754	43.924322
755	43.984165
756	44.044007
757	44.103850
758	44.163692
759	44.223534
760	44.283377
761	44.343219
762	44.403062
763	44.462904
764	44.522746
765	44.582589
766	44.642431
767	44.702274
768	44.762116
769	44.821958
770	44.881801
771	44.941643
772	45.001486
773	45.061328
774	45.121170
775	45.181013
776	45.240855
777	45.300698
778	45.360540
779	45.420382
780	45.480225
781	45.540067
782	45.599910
783	45.659752
784	45.719595
785	45.779437
786	45.839279
787	45.899122
788	45.958964
789	46.018807
790	46.078649
791	46.138491
792	46.198334
793	46.258176
794	46.318019
795	46.377861
796	46.437703
797	46.497546
798	46.557388
799	46.617231
800	46.677073
801	46.736915
802	46.796758
803	46.856600
804	46.916443
805	46.976285
806	47.036127
807	47.095970
808	47.155812
809	47.215655
810	47.275497
811	47.335339
812	47.395182
813	47.455024
814	47.514867
815	47.574709
816	47.634551
817	47.694394
818	47.754236
819	47.814079
820	47.873921
821	47.933763
822	47.993606
823	48.053448
824	48.113291
825	48.173133
826	48.232975
827	48.292818
828	48.352660
829	48.412503
830	48.472345
831	48.532187
832	48.592030
833	48.651872
834	48.711715
835	48.771557
836	48.831399
837	48.891242
838	48.951084
839	49.010927
840	49.070769
841	49.130611
842	49.190454
843	49.250296
844	49.310139
845	49.369981
846	49.429823
847	49.489666
848	49.549508
849	49.609351
850	49.669193
851	49.729035
852	49.788878
853	49.848720
854	49.908563
855	49.968405
856	50.028247
857	50.088090
858	50.147932
859	50.207775
860	50.267617
861	50.327459
862	50.387302
863	50.447144
864	50.506987
865	50.566829
866	50.626671
867	50.686514
868	50.746356
869	50.806199
870	50.866041
871	50.925883
872	50.985726
873	51.045568
874	51.105411
875	51.165253
876	51.225095
877	51.284938
878	51.344780
879	51.404623
880	51.464465
881	51.524307
882	51.584150
883	51.643992
884	51.703835
885	51.763677
886	51.823519
887	51.883362
888	51.943204
889	52.003047
890	52.062889
891	52.122731
892	52.182574
893	52.242416
894	52.302259
895	52.362101
896	52.421943
897	52.481786
898	52.541628
899	52.601471
900	52.661313
901	52.721155
902	52.780998
903	52.840840
904	52.900683
905	52.960525
906	53.020367
907	53.080210
908	53.140052
909	53.199895
910	53.259737
911	53.319579
912	53.379422
913	53.439264
914	53.499107
915	53.558949
916	53.618791
917	53.678634
918	53.738476
919	53.798319
920	53.858161
921	53.918003
922	53.977846
923	54.037688
924	54.097531
925	54.157373
926	54.217215
927	54.277058
928	54.336900
929	54.396743
930	54.456585
931	54.516427
932	54.576270
933	54.636112
934	54.695955
935	54.755797
936	54.815639
937	54.875482
938	54.935324
939	54.995167
940	55.055009
941	55.114851
942	55.174694
943	55.234536
944	55.294379
945	55.354221
946	55.414063
947	55.473906
948	55.533748
949	55.593591
950	55.653433
951	55.713275
952	55.773118
953	55.832960
954	55.892803
955	55.952645
956	56.012488
957	56.072330
958	56.132172
959	56.192015
960	56.251857
961	56.311700
962	56.371542
963	56.431384
964	56.491227
965	56.551069
966	56.610912
967	56.670754
968	56.730596
969	56.790439
970	56.850281
971	56.910124
972	56.969966
973	57.029808
974	57.089651
975	57.149493
976	57.209336
977	57.269178
978	57.329020
979	57.388863
980	57.448705
981	57.508548
982	57.568390
983	57.628232
984	57.688075
985	57.747917
986	57.807760
987	57.867602
988	57.927444
989	57.987287
990	58.047129
991	58.106972
992	58.166814
993	58.226656
994	58.286499
995	58.346341
996	58.406184
997	58.466026
998	58.525868
999	58.585711
1000	58.645553
1001	58.705396
1002	58.765238
1003	58.825080
1004	58.884923
1005	58.944765
1006	59.004608
1007	59.064450
1008	59.124292
1009	59.184135
1010	59.243977
1011	59.303820
1012	59.363662
1013	59.423504
1014	59.483347
1015	59.543189
1016	59.603032
1017	59.662874
1018	59.722716
1019	59.782559
1020	59.842401
1021	59.902244
1022	59.962086
1023	60.021928
1024	60.081771
1025	60.141613
1026	60.201456
1027	60.261298
1028	60.321140
1029	60.380983
1030	60.440825
1031	60.500668
1032	60.560510
1033	60.620352
1034	60.680195
1035	60.740037
1036	60.799880
1037	60.859722
1038	60.919564
1039	60.979407
1040	61.039249
1041	61.099092
1042	61.158934
1043	61.218776
1044	61.278619
1045	61.338461
1046	61.398304
1047	61.458146
1048	61.517988
1049	61.577831
1050	61.637673
1051	61.697516
1052	61.757358
1053	61.817200
1054	61.877043
1055	61.936885
1056	61.996728
1057	62.056570
1058	62.116412
1059	62.176255
1060	62.236097
1061	62.295940
1062	62.355782
1063	62.415624
1064	62.475467
1065	62.535309
1066	62.595152
1067	62.654994
1068	62.714836
1069	62.774679
1070	62.834521
1071	62.894364
1072	62.954206
1073	63.014048
1074	63.073891
1075	63.133733
1076	63.193576
1077	63.253418
1078	63.313260
1079	63.373103
1080	63.432945
1081	63.492788
1082	63.552630
1083	63.612472
1084	63.672315
1085	63.732157
1086	63.792000
1087	63.851842
1088	63.911684
1089	63.971527
1090	64.031369
1091	64.091212
1092	64.151054
1093	64.210896
1094	64.270739
1095	64.330581
1096	64.390424
1097	64.450266
1098	64.510108
1099	64.569951
1100	64.629793
1101	64.689636
1102	64.749478
1103	64.809320
1104	64.869163
1105	64.929005
1106	64.988848
1107	65.048690
1108	65.108532
1109	65.168375
1110	65.228217
1111	65.288060
1112	65.347902
1113	65.407744
1114	65.467587
1115	65.527429
1116	65.587272
1117	65.647114
1118	65.706956
1119	65.766799
1120	65.826641
1121	65.886484
1122	65.946326
1123	66.006169
1124	66.066011
1125	66.125853
1126	66.185696
1127	66.245538
1128	66.305381
1129	66.365223
1130	66.425065
1131	66.484908
1132	66.544750
1133	66.604593
1134	66.664435
1135	66.724277
1136	66.784120
1137	66.843962
1138	66.903805
1139	66.963647
1140	67.023489
1141	67.083332
1142	67.143174
1143	67.203017
1144	67.262859
1145	67.322701
1146	67.382544
1147	67.442386
1148	67.502229
1149	67.562071
1150	67.621913
1151	67.681756
1152	67.741598
1153	67.801441
1154	67.861283
1155	67.921125
1156	67.980968
1157	68.040810
1158	68.100653
1159	68.160495
1160	68.220337
1161	68.280180
1162	68.340022
1163	68.399865
1164	68.459707
1165	68.519549
1166	68.579392
1167	68.639234
1168	68.699077
1169	68.758919
1170	68.818761
1171	68.878604
1172	68.938446
1173	68.998289
1174	69.058131
1175	69.117973
1176	69.177816
1177	69.237658
1178	69.297501
1179	69.357343
1180	69.417185
1181	69.477028
1182	69.536870
1183	69.596713
1184	69.656555
1185	69.716397
1186	69.776240
1187	69.836082
1188	69.895925
1189	69.955767
1190	70.015609
1191	70.075452
1192	70.135294
1193	70.195137
1194	70.254979
1195	70.314821
1196	70.374664
1197	70.434506
1198	70.494349
1199	70.554191
1200	70.614033
1201	70.673876
1202	70.733718
1203	70.793561
1204	70.853403
1205	70.913245
1206	70.973088
1207	71.032930
1208	71.092773
1209	71.152615
1210	71.212457
1211	71.272300
1212	71.332142
1213	71.391985
1214	71.451827
1215	71.511669
1216	71.571512
1217	71.631354
1218	71.691197
1219	71.751039
1220	71.810881
1221	71.870724
1222	71.930566
1223	71.990409
1224	72.050251
1225	72.110093
1226	72.169936
1227	72.229778
1228	72.289621
1229	72.349463
1230	72.409305
1231	72.469148
1232	72.528990
1233	72.588833
1234	72.648675
1235	72.708517
1236	72.768360
1237	72.828202
1238	72.888045
1239	72.947887
1240	73.007729
1241	73.067572
1242	73.127414
1243	73.187257
1244	73.247099
1245	73.306941
1246	73.366784
1247	73.426626
1248	73.486469
1249	73.546311
1250	73.606153
1251	73.665996
1252	73.725838
1253	73.785681
1254	73.845523
1255	73.905365
1256	73.965208
1257	74.025050
1258	74.084893
1259	74.144735
1260	74.204577
1261	74.264420
1262	74.324262
1263	74.384105
1264	74.443947
1265	74.503789
1266	74.563632
1267	74.623474
1268	74.683317
1269	74.743159
1270	74.803001
1271	74.862844
1272	74.922686
1273	74.982529
1274	75.042371
1275	75.102213
1276	75.162056
1277	75.221898
1278	75.281741
1279	75.341583
1280	75.401425
1281	75.461268
1282	75.521110
1283	75.580953
1284	75.640795
1285	75.700637
1286	75.760480
1287	75.820322
1288	75.880165
1289	75.940007
1290	75.999850
1291	76.059692
1292	76.119534
1293	76.179377
1294	76.239219
1295	76.299062
1296	76.358904
1297	76.418746
1298	76.478589
1299	76.538431
1300	76.598274
1301	76.658116
1302	76.717958
1303	76.777801
1304	76.837643
1305	76.897486
1306	76.957328
1307	77.017170
1308	77.077013
1309	77.136855
1310	77.196698
1311	77.256540
1312	77.316382
1313	77.376225
1314	77.436067
1315	77.495910
1316	77.555752
1317	77.615594
1318	77.675437
1319	77.735279
1320	77.795122
1321	77.854964
1322	77.914806
1323	77.974649
1324	78.034491
1325	78.094334
1326	78.154176
1327	78.214018
1328	78.273861
1329	78.333703
1330	78.393546
1331	78.453388
1332	78.513230
1333	78.573073
1334	78.632915
1335	78.692758
1336	78.752600
1337	78.812442
1338	78.872285
1339	78.932127
1340	78.991970
1341	79.051812
1342	79.111654
1343	79.171497
1344	79.231339
1345	79.291182
1346	79.351024
1347	79.410866
1348	79.470709
1349	79.530551
1350	79.590394
1351	79.650236
1352	79.710078
1353	79.769921
1354	79.829763
1355	79.889606
1356	79.949448
1357	80.009290
1358	80.069133
1359	80.128975
1360	80.188818
1361	80.248660
1362	80.308502
1363	80.368345
1364	80.428187
1365	80.488030
1366	80.547872
1367	80.607714
1368	80.667557
1369	80.727399
1370	80.787242
1371	80.847084
1372	80.906926
1373	80.966769
1374	81.026611
1375	81.086454
1376	81.146296
1377	81.206138
1378	81.265981
1379	81.325823
1380	81.385666
1381	81.445508
1382	81.505350
1383	81.565193
1384	81.625035
1385	81.684878
1386	81.744720
1387	81.804562
1388	81.864405
1389	81.924247
1390	81.984090
1391	82.043932
1392	82.103774
1393	82.163617
1394	82.223459
1395	82.283302
1396	82.343144
1397	82.402986
1398	82.462829
1399	82.522671
1400	82.582514
1401	82.642356
1402	82.702198
1403	82.762041
1404	82.821883
1405	82.881726
1406	82.941568
1407	83.001410
1408	83.061253
1409	83.121095
1410	83.180938
1411	83.240780
1412	83.300622
1413	83.360465
1414	83.420307
1415	83.480150
1416	83.539992
1417	83.599834
1418	83.659677
1419	83.719519
1420	83.779362
1421	83.839204
1422	83.899046
1423	83.958889
1424	84.018731
1425	84.078574
1426	84.138416
1427	84.198258
1428	84.258101
1429	84.317943
1430	84.377786
1431	84.437628
1432	84.497470
1433	84.557313
1434	84.617155
1435	84.676998
1436	84.736840
1437	84.796682
1438	84.856525
1439	84.916367
1440	84.976210
1441	85.036052
1442	85.095894
1443	85.155737
1444	85.215579
1445	85.275422
1446	85.335264
1447	85.395106
1448	85.454949
1449	85.514791
1450	85.574634
1451	85.634476
1452	85.694318
1453	85.754161
1454	85.814003
1455	85.873846
1456	85.933688
1457	85.993531
1458	86.053373
1459	86.113215
1460	86.173058
1461	86.232900
1462	86.292743
1463	86.352585
1464	86.412427
1465	86.472270
1466	86.532112
1467	86.591955
1468	86.651797
1469	86.711639
1470	86.771482
1471	86.831324
1472	86.891167
1473	86.951009
1474	87.010851
1475	87.070694
1476	87.130536
1477	87.190379
1478	87.250221
1479	87.310063
1480	87.369906
1481	87.429748
1482	87.489591
1483	87.549433
1484	87.609275
1485	87.669118
1486	87.728960
1487	87.788803
1488	87.848645
1489	87.908487
1490	87.968330
1491	88.028172
1492	88.088015
1493	88.147857
1494	88.207699
1495	88.267542
1496	88.327384
1497	88.387227
1498	88.447069
1499	88.506911
1500	88.566754
1501	88.626596
1502	88.686439
1503	88.746281
1504	88.806123
1505	88.865966
1506	88.925808
1507	88.985651
1508	89.045493
1509	89.105335
1510	89.165178
1511	89.225020
1512	89.284863
1513	89.344705
1514	89.404547
1515	89.464390
1516	89.524232
1517	89.584075
1518	89.643917
1519	89.703759
1520	89.763602
1521	89.823444
1522	89.883287
1523	89.943129
1524	90.002971
1525	90.062814
1526	90.122656
1527	90.182499
1528	90.242341
1529	90.302183
1530	90.362026
1531	90.421868
1532	90.481711
1533	90.541553
1534	90.601395
1535	90.661238
1536	90.721080
1537	90.780923
1538	90.840765
1539	90.900607
1540	90.960450
1541	91.020292
1542	91.080135
1543	91.139977
1544	91.199819
1545	91.259662
1546	91.319504
1547	91.379347
1548	91.439189
1549	91.499031
1550	91.558874
1551	91.618716
1552	91.678559
1553	91.738401
1554	91.798243
1555	91.858086
1556	91.917928
1557	91.977771
1558	92.037613
1559	92.097455
1560	92.157298
1561	92.217140
1562	92.276983
1563	92.336825
1564	92.396667
1565	92.456510
1566	92.516352
1567	92.576195
1568	92.636037
1569	92.695879
1570	92.755722
1571	92.815564
1572	92.875407
1573	92.935249
1574	92.995091
1575	93.054934
1576	93.114776
1577	93.174619
1578	93.234461
1579	93.294303
1580	93.354146
1581	93.413988
1582	93.473831
1583	93.533673
1584	93.593515
1585	93.653358
1586	93.713200
1587	93.773043
1588	93.832885
1589	93.892727
1590	93.952570
1591	94.012412
1592	94.072255
1593	94.132097
1594	94.191939
1595	94.251782
1596	94.311624
1597	94.371467
1598	94.431309
1599	94.491151
1600	94.550994
1601	94.610836
1602	94.670679
1603	94.730521
1604	94.790363
1605	94.850206
1606	94.910048
1607	94.969891
1608	95.029733
1609	95.089575
1610	95.149418
1611	95.209260
1612	95.269103
1613	95.328945
1614	95.388787
1615	95.448630
1616	95.508472
1617	95.568315
1618	95.628157
1619	95.687999
1620	95.747842
1621	95.807684
1622	95.867527
1623	95.927369
1624	95.987211
1625	96.047054
1626	96.106896
1627	96.166739
1628	96.226581
1629	96.286424
1630	96.346266
1631	96.406108
1632	96.465951
1633	96.525793
1634	96.585636
1635	96.645478
1636	96.705320
1637	96.765163
1638	96.825005
1639	96.884848
1640	96.944690
1641	97.004532
1642	97.064375
1643	97.124217
1644	97.184060
1645	97.243902
1646	97.303744
1647	97.363587
1648	97.423429
1649	97.483272
1650	97.543114
1651	97.602956
1652	97.662799
1653	97.722641
1654	97.782484
1655	97.842326
1656	97.902168
1657	97.962011
1658	98.021853
1659	98.081696
1660	98.141538
1661	98.201380
1662	98.261223
1663	98.321065
1664	98.380908
1665	98.440750
1666	98.500592
1667	98.560435
1668	98.620277
1669	98.680120
1670	98.739962
1671	98.799804
1672	98.859647
1673	98.919489
1674	98.979332
1675	99.039174
1676	99.099016
1677	99.158859
1678	99.218701
1679	99.278544
1680	99.338386
1681	99.398228
1682	99.458071
1683	99.517913
1684	99.577756
1685	99.637598
1686	99.697440
1687	99.757283
1688	99.817125
1689	99.876968
1690	99.936810
1691	99.996652
1692	100.056495
1693	100.116337
1694	100.176180
1695	100.236022
1696	100.295864
1697	100.355707
1698	100.415549
1699	100.475392
1700	100.535234
1701	100.595076
1702	100.654919
1703	100.714761
1704	100.774604
1705	100.834446
1706	100.894288
1707	100.954131
1708	101.013973
1709	101.073816
1710	101.133658
1711	101.193500
1712	101.253343
1713	101.313185
1714	101.373028
1715	101.432870
1716	101.492712
1717	101.552555
1718	101.612397
1719	101.672240
1720	101.732082
1721	101.791924
1722	101.851767
1723	101.911609
1724	101.971452
1725	102.031294
1726	102.091136
1727	102.150979
1728	102.210821
1729	102.270664
1730	102.330506
1731	102.390348
1732	102.450191
1733	102.510033
1734	102.569876
1735	102.629718
1736	102.689560
1737	102.749403
1738	102.809245
1739	102.869088
1740	102.928930
1741	102.988772
1742	103.048615
1743	103.108457
1744	103.168300
1745	103.228142
1746	103.287984
1747	103.347827
1748	103.407669
1749	103.467512
1750	103.527354
1751	103.587196
1752	103.647039
1753	103.706881
1754	103.766724
1755	103.826566
1756	103.886408
1757	103.946251
1758	104.006093
1759	104.065936
1760	104.125778
1761	104.185620
1762	104.245463
1763	104.305305
1764	104.365148
1765	104.424990
1766	104.484832
1767	104.544675
1768	104.604517
1769	104.664360
1770	104.724202
1771	104.784044
1772	104.843887
1773	104.903729
1774	104.963572
1775	105.023414
1776	105.083256
1777	105.143099
1778	105.202941
1779	105.262784
1780	105.322626
1781	105.382468
1782	105.442311
1783	105.502153
1784	105.561996
1785	105.621838
1786	105.681680
1787	105.741523
1788	105.801365
1789	105.861208
1790	105.921050
1791	105.980892
1792	106.040735
1793	106.100577
1794	106.160420
1795	106.220262
1796	106.280105
1797	106.339947
1798	106.399789
1799	106.459632
1800	106.519474
1801	106.579317
1802	106.639159
1803	106.699001
1804	106.758844
1805	106.818686
1806	106.878529
1807	106.938371
1808	106.998213
1809	107.058056
1810	107.117898
1811	107.177741
1812	107.237583
1813	107.297425
1814	107.357268
1815	107.417110
1816	107.476953
1817	107.536795
1818	107.596637
1819	107.656480
1820	107.716322
1821	107.776165
1822	107.836007
1823	107.895849
1824	107.955692
1825	108.015534
1826	108.075377
1827	108.135219
1828	108.195061
1829	108.254904
1830	108.314746
1831	108.374589
1832	108.434431
1833	108.494273
1834	108.554116
1835	108.613958
1836	108.673801
1837	108.733643
1838	108.793485
1839	108.853328
1840	108.913170
1841	108.973013
1842	109.032855
1843	109.092697
1844	109.152540
1845	109.212382
1846	109.272225
1847	109.332067
1848	109.391909
1849	109.451752
1850	109.511594
1851	109.571437
1852	109.631279
1853	109.691121
1854	109.750964
1855	109.810806
1856	109.870649
1857	109.930491
1858	109.990333
1859	110.050176
1860	110.110018
1861	110.169861
1862	110.229703
1863	110.289545
1864	110.349388
1865	110.409230
1866	110.469073
1867	110.528915
1868	110.588757
1869	110.648600
1870	110.708442
1871	110.768285
1872	110.828127
1873	110.887969
1874	110.947812
1875	111.007654
1876	111.067497
1877	111.127339
1878	111.187181
1879	111.247024
1880	111.306866
1881	111.366709
1882	111.426551
1883	111.486393
1884	111.546236
1885	111.606078
1886	111.665921
1887	111.725763
1888	111.785605
1889	111.845448
1890	111.905290
1891	111.965133
1892	112.024975
1893	112.084817
1894	112.144660
1895	112.204502
1896	112.264345
1897	112.324187
1898	112.384029
1899	112.443872
1900	112.503714
1901	112.563557
1902	112.623399
1903	112.683241
1904	112.743084
1905	112.802926
1906	112.862769
1907	112.922611
1908	112.982453
1909	113.042296
1910	113.102138
1911	113.161981
1912	113.221823
1913	113.281665
1914	113.341508
1915	113.401350
1916	113.461193
1917	113.521035
1918	113.580877
1919	113.640720
1920	113.700562
1921	113.760405
1922	113.820247
1923	113.880089
1924	113.939932
1925	113.999774
1926	114.059617
1927	114.119459
1928	114.179301
1929	114.239144
1930	114.298986
1931	114.358829
1932	114.418671
1933	114.478513
1934	114.538356
1935	114.598198
1936	114.658041
1937	114.717883
1938	114.777725
1939	114.837568
1940	114.897410
1941	114.957253
1942	115.017095
1943	115.076937
1944	115.136780
1945	115.196622
1946	115.256465
1947	115.316307
1948	115.376149
1949	115.435992
1950	115.495834
1951	115.555677
1952	115.615519
1953	115.675361
1954	115.735204
1955	115.795046
1956	115.854889
1957	115.914731
1958	115.974573
1959	116.034416
1960	116.094258
1961	116.154101
1962	116.213943
1963	116.273786
1964	116.333628
1965	116.393470
1966	116.453313
1967	116.513155
1968	116.572998
1969	116.632840
1970	116.692682
1971	116.752525
1972	116.812367
1973	116.872210
1974	116.932052
1975	116.991894
1976	117.051737
1977	117.111579
1978	117.171422
1979	117.231264
1980	117.291106
1981	117.350949
1982	117.410791
1983	117.470634
1984	117.530476
1985	117.590318
1986	117.650161
1987	117.710003
1988	117.769846
1989	117.829688
1990	117.889530
1991	117.949373
1992	118.009215
1993	118.069058
1994	118.128900
1995	118.188742
1996	118.248585
1997	118.308427
1998	118.368270
1999	118.428112
2000	118.487954
2001	118.547797
2002	118.607639
2003	118.667482
2004	118.727324
2005	118.787166
2006	118.847009
2007	118.906851
2008	118.966694
2009	119.026536
2010	119.086378
2011	119.146221
2012	119.206063
2013	119.265906
2014	119.325748
2015	119.385590
2016	119.445433
2017	119.505275
2018	119.565118
2019	119.624960
2020	119.684802
2021	119.744645
2022	119.804487
2023	119.864330
2024	119.924172
2025	119.984014
2026	120.043857
2027	120.103699
2028	120.163542
2029	120.223384
2030	120.283226
2031	120.343069
2032	120.402911
2033	120.462754
2034	120.522596
2035	120.582438
2036	120.642281
2037	120.702123
2038	120.761966
2039	120.821808
2040	120.881650
2041	120.941493
2042	121.001335
2043	121.061178
2044	121.121020
2045	121.180862
2046	121.240705
2047	121.300547
