0	-1.178036
1	-1.119135
2	-1.060233
3	-1.001331
4	-0.942429
5	-0.883527
6	-0.824625
7	-0.765724
8	-0.706822
9	-0.647920
10	-0.589018
11	-0.530116
12	-0.471215
13	-0.412313
14	-0.353411
15	-0.294509
16	-0.235607
17	-0.176705
18	-0.117804
19	-0.058902
20	0.000000
21	0.058902
22	0.117804
23	0.176706
24	0.235607
25	0.294509
26	0.353411
27	0.412313
28	0.471215
29	0.530117
30	0.589018
31	0.647920
32	0.706822
33	0.765724
34	0.824626
35	0.883528
36	0.942429
37	1.001331
38	1.060233
39	1.119135
40	1.178037
41	1.236938
42	1.295840
43	1.354742
44	1.413644
45	1.472546
46	1.531448
47	1.590349
48	1.649251
49	1.708153
50	1.767055
51	1.825957
52	1.884859
53	1.943760
54	2.002662
55	2.061564
56	2.120466
57	2.179368
58	2.238270
59	2.297171
60	2.356073
61	2.414975
62	2.473877
63	2.532779
64	2.591681
65	2.650582
66	2.709484
67	2.768386
68	2.827288
69	2.886190
70	2.945091
71	3.003993
72	3.062895
73	3.121797
74	3.180699
75	3.239601
76	3.298502
77	3.357404
78	3.416306
79	3.475208
80	3.534110
81	3.593012
82	3.651913
83	3.710815
84	3.769717
85	3.828619
86	3.887521
87	3.946423
88	4.005324
89	4.064226
90	4.123128
91	4.182030
92	4.240932
93	4.299834
94	4.358735
95	4.417637
96	4.476539
97	4.535441
98	4.594343
99	4.653244
100	4.712146
101	4.771048
102	4.829950
103	4.888852
104	4.947754
105	5.006655
106	5.065557
107	5.124459
108	5.183361
109	5.242263
110	5.301165
111	5.360066
112	5.418968
113	5.477870
114	5.536772
115	5.595674
116	5.654576
117	5.713477
118	5.772379
119	5.831281
120	5.890183
121	5.949085
122	6.007986
123	6.066888
124	6.125790
125	6.184692
126	6.243594
127	6.302496
128	6.361397
129	6.420299
130	6.479201
131	6.538103
132	6.597005
133	6.655907
134	6.714808
135	6.773710
136	6.832612
137	6.891514
138	6.950416
139	7.009318
140	7.068219
141	7.127121
142	7.186023
143	7.244925
144	7.303827
145	7.362729
146	7.421630
147	7.480532
148	7.539434
149	7.598336
150	7.657238
151	7.716139
152	7.775041
153	7.833943
154	7.892845
155	7.951747
156	8.010649
157	8.069550
158	8.128452
159	8.187354
160	8.246256
161	8.305158
162	8.364060
163	8.422961
164	8.481863
165	8.540765
166	8.599667
167	8.658569
168	8.717471
169	8.776372
170	8.835274
171	8.894176
172	8.953078
173	9.011980
174	9.070882
175	9.129783
176	9.188685
177	9.247587
178	9.306489
179	9.365391
180	9.424292
181	9.483194
182	9.542096
183	9.600998
184	9.659900
185	9.718802
186	9.777703
187	9.836605
188	9.895507
189	9.954409
190	10.013311
191	10.072213
192	10.131114
193	10.190016
194	10.248918
195	10.307820
196	10.366722
197	10.425624
198	10.484525
199	10.543427
200	10.602329
201	10.661231
202	10.720133
203	10.779035
204	10.837936
205	10.896838
206	10.955740
207	11.014642
208	11.073544
209	11.132445
210	11.191347
211	11.250249
212	11.309151
213	11.368053
214	11.426955
215	11.485856
216	11.544758
217	11.603660
218	11.662562
219	11.721464
220	11.780366
221	11.839267
222	11.898169
223	11.957071
224	12.015973
225	12.074875
226	12.133777
227	12.192678
228	12.251580
229	12.310482
230	12.369384
231	12.428286
232	12.487187
233	12.546089
234	12.604991
235	12.663893
236	12.722795
237	12.781697
238	12.840598
239	12.899500
240	12.958402
241	13.017304
242	13.076206
243	13.135108
244	13.194009
245	13.252911
246	13.311813
247	13.370715
248	13.429617
249	13.488519
250	13.547420
251	13.606322
252	13.665224
253	13.724126
254	13.783028
255	13.841930
256	13.900831
257	13.959733
258	14.018635
259	14.077537
260	14.136439
261	14.195340
262	14.254242
263	14.313144
264	14.372046
265	14.430948
266	14.489850
267	14.548751
268	14.607653
269	14.666555
270	14.725457
271	14.784359
272	14.843261
273	14.902162
274	14.961064
275	15.019966
276	15.078868
277	15.137770
278	15.196672
279	15.255573
280	15.314475
281	15.373377
282	15.432279
283	15.491181
284	15.550083
285	15.608984
286	15.667886
287	15.726788
288	15.785690
289	15.844592
290	15.903493
291	15.962395
292	16.021297
293	16.080199
294	16.139101
295	16.198003
296	16.256904
297	16.315806
298	16.374708
299	16.433610
300	16.492512
301	16.551414
302	16.610315
303	16.669217
304	16.728119
305	16.787021
306	16.845923
307	16.904825
308	16.963726
309	17.022628
310	17.081530
311	17.140432
312	17.199334
313	17.258235
314	17.317137
315	17.376039
316	17.434941
317	17.493843
318	17.552745
319	17.611646
320	17.670548
321	17.729450
322	17.788352
323	17.847254
324	17.906156
325	17.965057
326	18.023959
327	18.082861
328	18.141763
329	18.200665
330	18.259567
331	18.318468
332	18.377370
333	18.436272
334	18.495174
335	18.554076
336	18.612978
337	18.671879
338	18.730781
339	18.789683
340	18.848585
341	18.907487
342	18.966388
343	19.025290
344	19.084192
345	19.143094
346	19.201996
347	19.260898
348	19.319799
349	19.378701
350	19.437603
351	19.496505
352	19.555407
353	19.614309
354	19.673210
355	19.732112
356	19.791014
357	19.849916
358	19.908818
359	19.967720
360	20.026621
361	20.085523
362	20.144425
363	20.203327
364	20.262229
365	20.321131
366	20.380032
367	20.438934
368	20.497836
369	20.556738
370	20.615640
371	20.674541
372	20.733443
373	20.792345
374	20.851247
375	20.910149
376	20.969051
377	21.027952
378	21.086854
379	21.145756
380	21.204658
381	21.263560
382	21.322462
383	21.381363
384	21.440265
385	21.499167
386	21.558069
387	21.616971
388	21.675873
389	21.734774
390	21.793676
391	21.852578
392	21.911480
393	21.970382
394	22.029284
395	22.088185
396	22.147087
397	22.205989
398	22.264891
399	22.323793
400	22.382694
401	22.441596
402	22.500498
403	22.559400
404	22.618302
405	22.677204
406	22.736105
407	22.795007
408	22.853909
409	22.912811
410	22.971713
411	23.030615
412	23.089516
413	23.148418
414	23.207320
415	23.266222
416	23.325124
417	23.384026
418	23.442927
419	23.501829
420	23.560731
421	23.619633
422	23.678535
423	23.737436
424	23.796338
425	23.855240
426	23.914142
427	23.973044
428	24.031946
429	24.090847
430	24.149749
431	24.208651
432	24.267553
433	24.326455
434	24.385357
435	24.444258
436	24.503160
437	24.562062
438	24.620964
439	24.679866
440	24.738768
441	24.797669
442	24.856571
443	24.915473
444	24.974375
445	25.033277
446	25.092179
447	25.151080
448	25.209982
449	25.268884
450	25.327786
451	25.386688
452	25.445589
453	25.504491
454	25.563393
455	25.622295
456	25.681197
457	25.740099
458	25.799000
459	25.857902
460	25.916804
461	25.975706
462	26.034608
463	26.093510
464	26.152411
465	26.211313
466	26.270215
467	26.329117
468	26.388019
469	26.446921
470	26.505822
471	26.564724
472	26.623626
473	26.682528
474	26.741430
475	26.800332
476	26.859233
477	26.918135
478	26.977037
479	27.035939
480	27.094841
481	27.153742
482	27.212644
483	27.271546
484	27.330448
485	27.389350
486	27.448252
487	27.507153
488	27.566055
489	27.624957
490	27.683859
491	27.742761
492	27.801663
493	27.860564
494	27.919466
495	27.978368
496	28.037270
497	28.096172
498	28.155074
499	28.213975
500	28.272877
501	28.331779
502	28.390681
503	28.449583
504	28.508484
505	28.567386
506	28.626288
507	28.685190
508	28.744092
509	28.802994
510	28.861895
511	28.920797
512	28.979699
513	29.038601
514	29.097503
515	29.156405
516	29.215306
517	29.274208
518	29.333110
519	29.392012
520	29.450914
521	29.509816
522	29.568717
523	29.627619
524	29.686521
525	29.745423
526	29.804325
527	29.863227
528	29.922128
529	29.981030
530	30.039932
531	30.098834
532	30.157736
533	30.216637
534	30.275539
535	30.334441
536	30.393343
537	30.452245
538	30.511147
539	30.570048
540	30.628950
541	30.687852
542	30.746754
543	30.805656
544	30.864558
545	30.923459
546	30.982361
547	31.041263
548	31.100165
549	31.159067
550	31.217969
551	31.276870
552	31.335772
553	31.394674
554	31.453576
555	31.512478
556	31.571380
557	31.630281
558	31.689183
559	31.748085
560	31.806987
561	31.865889
562	31.924790
563	31.983692
564	32.042594
565	32.101496
566	32.160398
567	32.219300
568	32.278201
569	32.337103
570	32.396005
571	32.454907
572	32.513809
573	32.572711
574	32.631612
575	32.690514
576	32.749416
577	32.808318
578	32.867220
579	32.926122
580	32.985023
581	33.043925
582	33.102827
583	33.161729
584	33.220631
585	33.279533
586	33.338434
587	33.397336
588	33.456238
589	33.515140
590	33.574042
591	33.632943
592	33.691845
593	33.750747
594	33.809649
595	33.868551
596	33.927453
597	33.986354
598	34.045256
599	34.104158
600	34.163060
601	34.221962
602	34.280864
603	34.339765
604	34.398667
605	34.457569
606	34.516471
607	34.575373
608	34.634275
609	34.693176
610	34.752078
611	34.810980
612	34.869882
613	34.928784
614	34.987685
615	35.046587
616	35.105489
617	35.164391
618	35.223293
619	35.282195
620	35.341096
621	35.399998
622	35.458900
623	35.517802
624	35.576704
625	35.635606
626	35.694507
627	35.753409
628	35.812311
629	35.871213
630	35.930115
631	35.989017
632	36.047918
633	36.106820
634	36.165722
635	36.224624
636	36.283526
637	36.342428
638	36.401329
639	36.460231
640	36.519133
641	36.578035
642	36.636937
643	36.695838
644	36.754740
645	36.813642
646	36.872544
647	36.931446
648	36.990348
649	37.049249
650	37.108151
651	37.167053
652	37.225955
653	37.284857
654	37.343759
655	37.402660
656	37.461562
657	37.520464
658	37.579366
659	37.638268
660	37.697170
661	37.756071
662	37.814973
663	37.873875
664	37.932777
665	37.991679
666	38.050581
667	38.109482
668	38.168384
669	38.227286
670	38.286188
671	38.345090
672	38.403991
673	38.462893
674	38.521795
675	38.580697
676	38.639599
677	38.698501
678	38.757402
679	38.816304
680	38.875206
681	38.934108
682	38.993010
683	39.051912
684	39.110813
685	39.169715
686	39.228617
687	39.287519
688	39.346421
689	39.405323
690	39.464224
691	39.523126
692	39.582028
693	39.640930
694	39.699832
695	39.758733
696	39.817635
697	39.876537
698	39.935439
699	39.994341
700	40.053243
701	40.112144
702	40.171046
703	40.229948
704	40.288850
705	40.347752
706	40.406654
707	40.465555
708	40.524457
709	40.583359
710	40.642261
711	40.701163
712	40.760065
713	40.818966
714	40.877868
715	40.936770
716	40.995672
717	41.054574
718	41.113476
719	41.172377
720	41.231279
721	41.290181
722	41.349083
723	41.407985
724	41.466886
725	41.525788
726	41.584690
727	41.643592
728	41.702494
729	41.761396
730	41.820297
731	41.879199
732	41.938101
733	41.997003
734	42.055905
735	42.114807
736	42.173708
737	42.232610
738	42.291512
739	42.350414
740	42.409316
741	42.468218
742	42.527119
743	42.586021
744	42.644923
745	42.703825
746	42.762727
747	42.821629
748	42.880530
749	42.939432
750	42.998334
751	43.057236
752	43.116138
753	43.175039
754	43.233941
755	43.292843
756	43.351745
757	43.410647
758	43.469549
759	43.528450
760	43.587352
761	43.646254
762	43.705156
763	43.764058
764	43.822960
765	43.881861
766	43.940763
767	43.999665
768	44.058567
769	44.117469
770	44.176371
771	44.235272
772	44.294174
773	44.353076
774	44.411978
775	44.470880
776	44.529782
777	44.588683
778	44.647585
779	44.706487
780	44.765389
781	44.824291
782	44.883192
783	44.942094
784	45.000996
785	45.059898
786	45.118800
787	45.177702
788	45.236603
789	45.295505
790	45.354407
791	45.413309
792	45.472211
793	45.531113
794	45.590014
795	45.648916
796	45.707818
797	45.766720
798	45.825622
799	45.884524
800	45.943425
801	46.002327
802	46.061229
803	46.120131
804	46.179033
805	46.237934
806	46.296836
807	46.355738
808	46.414640
809	46.473542
810	46.532444
811	46.591345
812	46.650247
813	46.709149
814	46.768051
815	46.826953
816	46.885855
817	46.944756
818	47.003658
819	47.062560
820	47.121462
821	47.180364
822	47.239266
823	47.298167
824	47.357069
825	47.415971
826	47.474873
827	47.533775
828	47.592677
829	47.651578
830	47.710480
831	47.769382
832	47.828284
833	47.887186
834	47.946087
835	48.004989
836	48.063891
837	48.122793
838	48.181695
839	48.240597
840	48.299498
841	48.358400
842	48.417302
843	48.476204
844	48.535106
845	48.594008
846	48.652909
847	48.711811
848	48.770713
849	48.829615
850	48.888517
851	48.947419
852	49.006320
853	49.065222
854	49.124124
855	49.183026
856	49.241928
857	49.300830
858	49.359731
859	49.418633
860	49.477535
861	49.536437
862	49.595339
863	49.654240
864	49.713142
865	49.772044
866	49.830946
867	49.889848
868	49.948750
869	50.007651
870	50.066553
871	50.125455
872	50.184357
873	50.243259
874	50.302161
875	50.361062
876	50.419964
877	50.478866
878	50.537768
879	50.596670
880	50.655572
881	50.714473
882	50.773375
883	50.832277
884	50.891179
885	50.950081
886	51.008983
887	51.067884
888	51.126786
889	51.185688
890	51.244590
891	51.303492
892	51.362393
893	51.421295
894	51.480197
895	51.539099
896	51.598001
897	51.656903
898	51.715804
899	51.774706
900	51.833608
901	51.892510
902	51.951412
903	52.010314
904	52.069215
905	52.128117
906	52.187019
907	52.245921
908	52.304823
909	52.363725
910	52.422626
911	52.481528
912	52.540430
913	52.599332
914	52.658234
915	52.717135
916	52.776037
917	52.834939
918	52.893841
919	52.952743
920	53.011645
921	53.070546
922	53.129448
923	53.188350
924	53.247252
925	53.306154
926	53.365056
927	53.423957
928	53.482859
929	53.541761
930	53.600663
931	53.659565
932	53.718467
933	53.777368
934	53.836270
935	53.895172
936	53.954074
937	54.012976
938	54.071878
939	54.130779
940	54.189681
941	54.248583
942	54.307485
943	54.366387
944	54.425288
945	54.484190
946	54.543092
947	54.601994
948	54.660896
949	54.719798
950	54.778699
951	54.837601
952	54.896503
953	54.955405
954	55.014307
955	55.073209
956	55.132110
957	55.191012
958	55.249914
959	55.308816
960	55.367718
961	55.426620
962	55.485521
963	55.544423
964	55.603325
965	55.662227
966	55.721129
967	55.780031
968	55.838932
969	55.897834
970	55.956736
971	56.015638
972	56.074540
973	56.133441
974	56.192343
975	56.251245
976	56.310147
977	56.369049
978	56.427951
979	56.486852
980	56.545754
981	56.604656
982	56.663558
983	56.722460
984	56.781362
985	56.840263
986	56.899165
987	56.958067
988	57.016969
989	57.075871
990	57.134773
991	57.193674
992	57.252576
993	57.311478
994	57.370380
995	57.429282
996	57.488183
997	57.547085
998	57.605987
999	57.664889
1000	57.723791
1001	57.782693
1002	57.841594
1003	57.900496
1004	57.959398
1005	58.018300
1006	58.077202
1007	58.136104
1008	58.195005
1009	58.253907
1010	58.312809
1011	58.371711
1012	58.430613
1013	58.489515
1014	58.548416
1015	58.607318
1016	58.666220
1017	58.725122
1018	58.784024
1019	58.842926
1020	58.901827
1021	58.960729
1022	59.019631
1023	59.078533
1024	59.137435
1025	59.196336
1026	59.255238
1027	59.314140
1028	59.373042
1029	59.431944
1030	59.490846
1031	59.549747
1032	59.608649
1033	59.667551
1034	59.726453
1035	59.785355
1036	59.844257
1037	59.903158
1038	59.962060
1039	60.020962
1040	60.079864
1041	60.138766
1042	60.197668
1043	60.256569
1044	60.315471
1045	60.374373
1046	60.433275
1047	60.492177
1048	60.551079
1049	60.609980
1050	60.668882
1051	60.727784
1052	60.786686
1053	60.845588
1054	60.904489
1055	60.963391
1056	61.022293
1057	61.081195
1058	61.140097
1059	61.198999
1060	61.257900
1061	61.316802
1062	61.375704
1063	61.434606
1064	61.493508
1065	61.552410
1066	61.611311
1067	61.670213
1068	61.729115
1069	61.788017
1070	61.846919
1071	61.905821
1072	61.964722
1073	62.023624
1074	62.082526
1075	62.141428
1076	62.200330
1077	62.259232
1078	62.318133
1079	62.377035
1080	62.435937
1081	62.494839
1082	62.553741
1083	62.612642
1084	62.671544
1085	62.730446
1086	62.789348
1087	62.848250
1088	62.907152
1089	62.966053
1090	63.024955
1091	63.083857
1092	63.142759
1093	63.201661
1094	63.260563
1095	63.319464
1096	63.378366
1097	63.437268
1098	63.496170
1099	63.555072
1100	63.613974
1101	63.672875
1102	63.731777
1103	63.790679
1104	63.849581
1105	63.908483
1106	63.967384
1107	64.026286
1108	64.085188
1109	64.144090
1110	64.202992
1111	64.261894
1112	64.320795
1113	64.379697
1114	64.438599
1115	64.497501
1116	64.556403
1117	64.615305
1118	64.674206
1119	64.733108
1120	64.792010
1121	64.850912
1122	64.909814
1123	64.968716
1124	65.027617
1125	65.086519
1126	65.145421
1127	65.204323
1128	65.263225
1129	65.322127
1130	65.381028
1131	65.439930
1132	65.498832
1133	65.557734
1134	65.616636
1135	65.675537
1136	65.734439
1137	65.793341
1138	65.852243
1139	65.911145
1140	65.970047
1141	66.028948
1142	66.087850
1143	66.146752
1144	66.205654
1145	66.264556
1146	66.323458
1147	66.382359
1148	66.441261
1149	66.500163
1150	66.559065
1151	66.617967
1152	66.676869
1153	66.735770
1154	66.794672
1155	66.853574
1156	66.912476
1157	66.971378
1158	67.030280
1159	67.089181
1160	67.148083
1161	67.206985
1162	67.265887
1163	67.324789
1164	67.383690
1165	67.442592
1166	67.501494
1167	67.560396
1168	67.619298
1169	67.678200
1170	67.737101
1171	67.796003
1172	67.854905
1173	67.913807
1174	67.972709
1175	68.031611
1176	68.090512
1177	68.149414
1178	68.208316
1179	68.267218
1180	68.326120
1181	68.385022
1182	68.443923
1183	68.502825
1184	68.561727
1185	68.620629
1186	68.679531
1187	68.738432
1188	68.797334
1189	68.856236
1190	68.915138
1191	68.974040
1192	69.032942
1193	69.091843
1194	69.150745
1195	69.209647
1196	69.268549
1197	69.327451
1198	69.386353
1199	69.445254
1200	69.504156
1201	69.563058
1202	69.621960
1203	69.680862
1204	69.739764
1205	69.798665
1206	69.857567
1207	69.916469
1208	69.975371
1209	70.034273
1210	70.093175
1211	70.152076
1212	70.210978
1213	70.269880
1214	70.328782
1215	70.387684
1216	70.446585
1217	70.505487
1218	70.564389
1219	70.623291
1220	70.682193
1221	70.741095
1222	70.799996
1223	70.858898
1224	70.917800
1225	70.976702
1226	71.035604
1227	71.094506
1228	71.153407
1229	71.212309
1230	71.271211
1231	71.330113
1232	71.389015
1233	71.447917
1234	71.506818
1235	71.565720
1236	71.624622
1237	71.683524
1238	71.742426
1239	71.801328
1240	71.860229
1241	71.919131
1242	71.978033
1243	72.036935
1244	72.095837
1245	72.154738
1246	72.213640
1247	72.272542
1248	72.331444
1249	72.390346
1250	72.449248
1251	72.508149
1252	72.567051
1253	72.625953
1254	72.684855
1255	72.743757
1256	72.802659
1257	72.861560
1258	72.920462
1259	72.979364
1260	73.038266
1261	73.097168
1262	73.156070
1263	73.214971
1264	73.273873
1265	73.332775
1266	73.391677
1267	73.450579
1268	73.509481
1269	73.568382
1270	73.627284
1271	73.686186
1272	73.745088
1273	73.803990
1274	73.862891
1275	73.921793
1276	73.980695
1277	74.039597
1278	74.098499
1279	74.157401
1280	74.216302
1281	74.275204
1282	74.334106
1283	74.393008
1284	74.451910
1285	74.510812
1286	74.569713
1287	74.628615
1288	74.687517
1289	74.746419
1290	74.805321
1291	74.864223
1292	74.923124
1293	74.982026
1294	75.040928
1295	75.099830
1296	75.158732
1297	75.217633
1298	75.276535
1299	75.335437
1300	75.394339
1301	75.453241
1302	75.512143
1303	75.571044
1304	75.629946
1305	75.688848
1306	75.747750
1307	75.806652
1308	75.865554
1309	75.924455
1310	75.983357
1311	76.042259
1312	76.101161
1313	76.160063
1314	76.218965
1315	76.277866
1316	76.336768
1317	76.395670
1318	76.454572
1319	76.513474
1320	76.572376
1321	76.631277
1322	76.690179
1323	76.749081
1324	76.807983
1325	76.866885
1326	76.925786
1327	76.984688
1328	77.043590
1329	77.102492
1330	77.161394
1331	77.220296
1332	77.279197
1333	77.338099
1334	77.397001
1335	77.455903
1336	77.514805
1337	77.573707
1338	77.632608
1339	77.691510
1340	77.750412
1341	77.809314
1342	77.868216
1343	77.927118
1344	77.986019
1345	78.044921
1346	78.103823
1347	78.162725
1348	78.221627
1349	78.280529
1350	78.339430
1351	78.398332
1352	78.457234
1353	78.516136
1354	78.575038
1355	78.633939
1356	78.692841
1357	78.751743
1358	78.810645
1359	78.869547
1360	78.928449
1361	78.987350
1362	79.046252
1363	79.105154
1364	79.164056
1365	79.222958
1366	79.281860
1367	79.340761
1368	79.399663
1369	79.458565
1370	79.517467
1371	79.576369
1372	79.635271
1373	79.694172
1374	79.753074
1375	79.811976
1376	79.870878
1377	79.929780
1378	79.988682
1379	80.047583
1380	80.106485
1381	80.165387
1382	80.224289
1383	80.283191
1384	80.342092
1385	80.400994
1386	80.459896
1387	80.518798
1388	80.577700
1389	80.636602
1390	80.695503
1391	80.754405
1392	80.813307
1393	80.872209
1394	80.931111
1395	80.990013
1396	81.048914
1397	81.107816
1398	81.166718
1399	81.225620
1400	81.284522
1401	81.343424
1402	81.402325
1403	81.461227
1404	81.520129
1405	81.579031
1406	81.637933
1407	81.696834
1408	81.755736
1409	81.814638
1410	81.873540
1411	81.932442
1412	81.991344
1413	82.050245
1414	82.109147
1415	82.168049
1416	82.226951
1417	82.285853
1418	82.344755
1419	82.403656
1420	82.462558
1421	82.521460
1422	82.580362
1423	82.639264
1424	82.698166
1425	82.757067
1426	82.815969
1427	82.874871
1428	82.933773
1429	82.992675
1430	83.051577
1431	83.110478
1432	83.169380
1433	83.228282
1434	83.287184
1435	83.346086
1436	83.404987
1437	83.463889
1438	83.522791
1439	83.581693
1440	83.640595
1441	83.699497
1442	83.758398
1443	83.817300
1444	83.876202
1445	83.935104
1446	83.994006
1447	84.052908
1448	84.111809
1449	84.170711
1450	84.229613
1451	84.288515
1452	84.347417
1453	84.406319
1454	84.465220
1455	84.524122
1456	84.583024
1457	84.641926
1458	84.700828
1459	84.759730
1460	84.818631
1461	84.877533
1462	84.936435
1463	84.995337
1464	85.054239
1465	85.113140
1466	85.172042
1467	85.230944
1468	85.289846
1469	85.348748
1470	85.407650
1471	85.466551
1472	85.525453
1473	85.584355
1474	85.643257
1475	85.702159
1476	85.761061
1477	85.819962
1478	85.878864
1479	85.937766
1480	85.996668
1481	86.055570
1482	86.114472
1483	86.173373
1484	86.232275
1485	86.291177
1486	86.350079
1487	86.408981
1488	86.467882
1489	86.526784
1490	86.585686
1491	86.644588
1492	86.703490
1493	86.762392
1494	86.821293
1495	86.880195
1496	86.939097
1497	86.997999
1498	87.056901
1499	87.115803
1500	87.174704
1501	87.233606
1502	87.292508
1503	87.351410
1504	87.410312
1505	87.469214
1506	87.528115
1507	87.587017
1508	87.645919
1509	87.704821
1510	87.763723
1511	87.822625
1512	87.881526
1513	87.940428
1514	87.999330
1515	88.058232
1516	88.117134
1517	88.176035
1518	88.234937
1519	88.293839
1520	88.352741
1521	88.411643
1522	88.470545
1523	88.529446
1524	88.588348
1525	88.647250
1526	88.706152
1527	88.765054
1528	88.823956
1529	88.882857
1530	88.941759
1531	89.000661
1532	89.059563
1533	89.118465
1534	89.177367
1535	89.236268
1536	89.295170
1537	89.354072
1538	89.412974
1539	89.471876
1540	89.530778
1541	89.589679
1542	89.648581
1543	89.707483
1544	89.766385
1545	89.825287
1546	89.884188
1547	89.943090
1548	90.001992
1549	90.060894
1550	90.119796
1551	90.178698
1552	90.237599
1553	90.296501
1554	90.355403
1555	90.414305
1556	90.473207
1557	90.532109
1558	90.591010
1559	90.649912
1560	90.708814
1561	90.767716
1562	90.826618
1563	90.885520
1564	90.944421
1565	91.003323
1566	91.062225
1567	91.121127
1568	91.180029
1569	91.238931
1570	91.297832
1571	91.356734
1572	91.415636
1573	91.474538
1574	91.533440
1575	91.592341
1576	91.651243
1577	91.710145
1578	91.769047
1579	91.827949
1580	91.886851
1581	91.945752
1582	92.004654
1583	92.063556
1584	92.122458
1585	92.181360
1586	92.240262
1587	92.299163
1588	92.358065
1589	92.416967
1590	92.475869
1591	92.534771
1592	92.593673
1593	92.652574
1594	92.711476
1595	92.770378
1596	92.829280
1597	92.888182
1598	92.947083
1599	93.005985
1600	93.064887
1601	93.123789
1602	93.182691
1603	93.241593
1604	93.300494
1605	93.359396
1606	93.418298
1607	93.477200
1608	93.536102
1609	93.595004
1610	93.653905
1611	93.712807
1612	93.771709
1613	93.830611
1614	93.889513
1615	93.948415
1616	94.007316
1617	94.066218
1618	94.125120
1619	94.184022
1620	94.242924
1621	94.301826
1622	94.360727
1623	94.419629
1624	94.478531
1625	94.537433
1626	94.596335
1627	94.655236
1628	94.714138
1629	94.773040
1630	94.831942
1631	94.890844
1632	94.949746
1633	95.008647
1634	95.067549
1635	95.126451
1636	95.185353
1637	95.244255
1638	95.303157
1639	95.362058
1640	95.420960
1641	95.479862
1642	95.538764
1643	95.597666
1644	95.656568
1645	95.715469
1646	95.774371
1647	95.833273
1648	95.892175
1649	95.951077
1650	96.009979
1651	96.068880
1652	96.127782
1653	96.186684
1654	96.245586
1655	96.304488
1656	96.363389
1657	96.422291
1658	96.481193
1659	96.540095
1660	96.598997
1661	96.657899
1662	96.716800
1663	96.775702
1664	96.834604
1665	96.893506
1666	96.952408
1667	97.011310
1668	97.070211
1669	97.129113
1670	97.188015
1671	97.246917
1672	97.305819
1673	97.364721
1674	97.423622
1675	97.482524
1676	97.541426
1677	97.600328
1678	97.659230
1679	97.718131
1680	97.777033
1681	97.835935
1682	97.894837
1683	97.953739
1684	98.012641
1685	98.071542
1686	98.130444
1687	98.189346
1688	98.248248
1689	98.307150
1690	98.366052
1691	98.424953
1692	98.483855
1693	98.542757
1694	98.601659
1695	98.660561
1696	98.719463
1697	98.778364
1698	98.837266
1699	98.896168
1700	98.955070
1701	99.013972
1702	99.072874
1703	99.131775
1704	99.190677
1705	99.249579
1706	99.308481
1707	99.367383
1708	99.426284
1709	99.485186
1710	99.544088
1711	99.602990
1712	99.661892
1713	99.720794
1714	99.779695
1715	99.838597
1716	99.897499
1717	99.956401
1718	100.015303
1719	100.074205
1720	100.133106
1721	100.192008
1722	100.250910
1723	100.309812
1724	100.368714
1725	100.427616
1726	100.486517
1727	100.545419
1728	100.604321
1729	100.663223
1730	100.722125
1731	100.781027
1732	100.839928
1733	100.898830
1734	100.957732
1735	101.016634
1736	101.075536
1737	101.134437
1738	101.193339
1739	101.252241
1740	101.311143
1741	101.370045
1742	101.428947
1743	101.487848
1744	101.546750
1745	101.605652
1746	101.664554
1747	101.723456
1748	101.782358
1749	101.841259
1750	101.900161
1751	101.959063
1752	102.017965
1753	102.076867
1754	102.135769
1755	102.194670
1756	102.253572
1757	102.312474
1758	102.371376
1759	102.430278
1760	102.489180
1761	102.548081
1762	102.606983
1763	102.665885
1764	102.724787
1765	102.783689
1766	102.842590
1767	102.901492
1768	102.960394
1769	103.019296
1770	103.078198
1771	103.137100
1772	103.196001
1773	103.254903
1774	103.313805
1775	103.372707
1776	103.431609
1777	103.490511
1778	103.549412
1779	103.608314
1780	103.667216
1781	103.726118
1782	103.785020
1783	103.843922
1784	103.902823
1785	103.961725
1786	104.020627
1787	104.079529
1788	104.138431
1789	104.197332
1790	104.256234
1791	104.315136
1792	104.374038
1793	104.432940
1794	104.491842
1795	104.550743
1796	104.609645
1797	104.668547
1798	104.727449
1799	104.786351
1800	104.845253
1801	104.904154
1802	104.963056
1803	105.021958
1804	105.080860
1805	105.139762
1806	105.198664
1807	105.257565
1808	105.316467
1809	105.375369
1810	105.434271
1811	105.493173
1812	105.552075
1813	105.610976
1814	105.669878
1815	105.728780
1816	105.787682
1817	105.846584
1818	105.905485
1819	105.964387
1820	106.023289
1821	106.082191
1822	106.141093
1823	106.199995
1824	106.258896
1825	106.317798
1826	106.376700
1827	106.435602
1828	106.494504
1829	106.553406
1830	106.612307
1831	106.671209
1832	106.730111
1833	106.789013
1834	106.847915
1835	106.906817
1836	106.965718
1837	107.024620
1838	107.083522
1839	107.142424
1840	107.201326
1841	107.260228
1842	107.319129
1843	107.378031
1844	107.436933
1845	107.495835
1846	107.554737
1847	107.613638
1848	107.672540
1849	107.731442
1850	107.790344
1851	107.849246
1852	107.908148
1853	107.967049
1854	108.025951
1855	108.084853
1856	108.143755
1857	108.202657
1858	108.261559
1859	108.320460
1860	108.379362
1861	108.438264
1862	108.497166
1863	108.556068
1864	108.614970
1865	108.673871
1866	108.732773
1867	108.791675
1868	108.850577
1869	108.909479
1870	108.968380
1871	109.027282
1872	109.086184
1873	109.145086
1874	109.203988
1875	109.262890
1876	109.321791
1877	109.380693
1878	109.439595
1879	109.498497
1880	109.557399
1881	109.616301
1882	109.675202
1883	109.734104
1884	109.793006
1885	109.851908
1886	109.910810
1887	109.969712
1888	110.028613
1889	110.087515
1890	110.146417
1891	110.205319
1892	110.264221
1893	110.323123
1894	110.382024
1895	110.440926
1896	110.499828
1897	110.558730
1898	110.617632
1899	110.676533
1900	110.735435
1901	110.794337
1902	110.853239
1903	110.912141
1904	110.971043
1905	111.029944
1906	111.088846
1907	111.147748
1908	111.206650
1909	111.265552
1910	111.324454
1911	111.383355
1912	111.442257
1913	111.501159
1914	111.560061
1915	111.618963
1916	111.677865
1917	111.736766
1918	111.795668
1919	111.854570
1920	111.913472
1921	111.972374
1922	112.031276
1923	112.090177
1924	112.149079
1925	112.207981
1926	112.266883
1927	112.325785
1928	112.384686
1929	112.443588
1930	112.502490
1931	112.561392
1932	112.620294
1933	112.679196
1934	112.738097
1935	112.796999
1936	112.855901
1937	112.914803
1938	112.973705
1939	113.032607
1940	113.091508
1941	113.150410
1942	113.209312
1943	113.268214
1944	113.327116
1945	113.386018
1946	113.444919
1947	113.503821
1948	113.562723
1949	113.621625
1950	113.680527
1951	113.739429
1952	113.798330
1953	113.857232
1954	113.916134
1955	113.975036
1956	114.033938
1957	114.092839
1958	114.151741
1959	114.210643
1960	114.269545
1961	114.328447
1962	114.387349
1963	114.446250
1964	114.505152
1965	114.564054
1966	114.622956
1967	114.681858
1968	114.740760
1969	114.799661
1970	114.858563
1971	114.917465
1972	114.976367
1973	115.035269
1974	115.094171
1975	115.153072
1976	115.211974
1977	115.270876
1978	115.329778
1979	115.388680
1980	115.447581
1981	115.506483
1982	115.565385
1983	115.624287
1984	115.683189
1985	115.742091
1986	115.800992
1987	115.859894
1988	115.918796
1989	115.977698
1990	116.036600
1991	116.095502
1992	116.154403
1993	116.213305
1994	116.272207
1995	116.331109
1996	116.390011
1997	116.448913
1998	116.507814
1999	116.566716
2000	116.625618
2001	116.684520
2002	116.743422
2003	116.802324
2004	116.861225
2005	116.920127
2006	116.979029
2007	117.037931
2008	117.096833
2009	117.155734
2010	117.214636
2011	117.273538
2012	117.332440
2013	117.391342
2014	117.450244
2015	117.509145
2016	117.568047
2017	117.626949
2018	117.685851
2019	117.744753
2020	117.803655
2021	117.862556
2022	117.921458
2023	117.980360
2024	118.039262
2025	118.098164
2026	118.157066
2027	118.215967
2028	118.274869
2029	118.333771
2030	118.392673
2031	118.451575
2032	118.510477
2033	118.569378
2034	118.628280
2035	118.687182
2036	118.746084
2037	118.804986
2038	118.863887
2039	118.922789
2040	118.981691
2041	119.040593
2042	119.099495
2043	119.158397
2044	119.217298
2045	119.276200
2046	119.335102
2047	119.394004
