0	-1.177668
1	-1.118785
2	-1.059901
3	-1.001018
4	-0.942134
5	-0.883251
6	-0.824368
7	-0.765484
8	-0.706601
9	-0.647717
10	-0.588834
11	-0.529951
12	-0.471067
13	-0.412184
14	-0.353300
15	-0.294417
16	-0.235534
17	-0.176650
18	-0.117767
19	-0.058883
20	0.000000
21	0.058883
22	0.117767
23	0.176650
24	0.235534
25	0.294417
26	0.353300
27	0.412184
28	0.471067
29	0.529951
30	0.588834
31	0.647717
32	0.706601
33	0.765484
34	0.824367
35	0.883251
36	0.942134
37	1.001018
38	1.059901
39	1.118784
40	1.177668
41	1.236551
42	1.295435
43	1.354318
44	1.413201
45	1.472085
46	1.530968
47	1.589852
48	1.648735
49	1.707618
50	1.766502
51	1.825385
52	1.884269
53	1.943152
54	2.002035
55	2.060919
56	2.119802
57	2.178686
58	2.237569
59	2.296452
60	2.355336
61	2.414219
62	2.473103
63	2.531986
64	2.590869
65	2.649753
66	2.708636
67	2.767519
68	2.826403
69	2.885286
70	2.944170
71	3.003053
72	3.061936
73	3.120820
74	3.179703
75	3.238587
76	3.297470
77	3.356353
78	3.415237
79	3.474120
80	3.533004
81	3.591887
82	3.650770
83	3.709654
84	3.768537
85	3.827421
86	3.886304
87	3.945187
88	4.004071
89	4.062954
90	4.121838
91	4.180721
92	4.239604
93	4.298488
94	4.357371
95	4.416254
96	4.475138
97	4.534021
98	4.592905
99	4.651788
100	4.710671
101	4.769555
102	4.828438
103	4.887322
104	4.946205
105	5.005088
106	5.063972
107	5.122855
108	5.181739
109	5.240622
110	5.299505
111	5.358389
112	5.417272
113	5.476156
114	5.535039
115	5.593922
116	5.652806
117	5.711689
118	5.770573
119	5.829456
120	5.888339
121	5.947223
122	6.006106
123	6.064990
124	6.123873
125	6.182756
126	6.241640
127	6.300523
128	6.359406
129	6.418290
130	6.477173
131	6.536057
132	6.594940
133	6.653823
134	6.712707
135	6.771590
136	6.830474
137	6.889357
138	6.948240
139	7.007124
140	7.066007
141	7.124891
142	7.183774
143	7.242657
144	7.301541
145	7.360424
146	7.419308
147	7.478191
148	7.537074
149	7.595958
150	7.654841
151	7.713725
152	7.772608
153	7.831491
154	7.890375
155	7.949258
156	8.008141
157	8.067025
158	8.125908
159	8.184792
160	8.243675
161	8.302558
162	8.361442
163	8.420325
164	8.479209
165	8.538092
166	8.596975
167	8.655859
168	8.714742
169	8.773626
170	8.832509
171	8.891392
172	8.950276
173	9.009159
174	9.068043
175	9.126926
176	9.185809
177	9.244693
178	9.303576
179	9.362460
180	9.421343
181	9.480226
182	9.539110
183	9.597993
184	9.656877
185	9.715760
186	9.774643
187	9.833527
188	9.892410
189	9.951293
190	10.010177
191	10.069060
192	10.127944
193	10.186827
194	10.245710
195	10.304594
196	10.363477
197	10.422361
198	10.481244
199	10.540127
200	10.599011
201	10.657894
202	10.716778
203	10.775661
204	10.834544
205	10.893428
206	10.952311
207	11.011195
208	11.070078
209	11.128961
210	11.187845
211	11.246728
212	11.305612
213	11.364495
214	11.423378
215	11.482262
216	11.541145
217	11.600028
218	11.658912
219	11.717795
220	11.776679
221	11.835562
222	11.894445
223	11.953329
224	12.012212
225	12.071096
226	12.129979
227	12.188862
228	12.247746
229	12.306629
230	12.365513
231	12.424396
232	12.483279
233	12.542163
234	12.601046
235	12.659930
236	12.718813
237	12.777696
238	12.836580
239	12.895463
240	12.954347
241	13.013230
242	13.072113
243	13.130997
244	13.189880
245	13.248764
246	13.307647
247	13.366530
248	13.425414
249	13.484297
250	13.543180
251	13.602064
252	13.660947
253	13.719831
254	13.778714
255	13.837597
256	13.896481
257	13.955364
258	14.014248
259	14.073131
260	14.132014
261	14.190898
262	14.249781
263	14.308665
264	14.367548
265	14.426431
266	14.485315
267	14.544198
268	14.603082
269	14.661965
270	14.720848
271	14.779732
272	14.838615
273	14.897499
274	14.956382
275	15.015265
276	15.074149
277	15.133032
278	15.191915
279	15.250799
280	15.309682
281	15.368566
282	15.427449
283	15.486332
284	15.545216
285	15.604099
286	15.662983
287	15.721866
288	15.780749
289	15.839633
290	15.898516
291	15.957400
292	16.016283
293	16.075166
294	16.134050
295	16.192933
296	16.251817
297	16.310700
298	16.369583
299	16.428467
300	16.487350
301	16.546234
302	16.605117
303	16.664000
304	16.722884
305	16.781767
306	16.840651
307	16.899534
308	16.958417
309	17.017301
310	17.076184
311	17.135067
312	17.193951
313	17.252834
314	17.311718
315	17.370601
316	17.429484
317	17.488368
318	17.547251
319	17.606135
320	17.665018
321	17.723901
322	17.782785
323	17.841668
324	17.900552
325	17.959435
326	18.018318
327	18.077202
328	18.136085
329	18.194969
330	18.253852
331	18.312735
332	18.371619
333	18.430502
334	18.489386
335	18.548269
336	18.607152
337	18.666036
338	18.724919
339	18.783803
340	18.842686
341	18.901569
342	18.960453
343	19.019336
344	19.078219
345	19.137103
346	19.195986
347	19.254870
348	19.313753
349	19.372636
350	19.431520
351	19.490403
352	19.549287
353	19.608170
354	19.667053
355	19.725937
356	19.784820
357	19.843704
358	19.902587
359	19.961470
360	20.020354
361	20.079237
362	20.138121
363	20.197004
364	20.255887
365	20.314771
366	20.373654
367	20.432538
368	20.491421
369	20.550304
370	20.609188
371	20.668071
372	20.726954
373	20.785838
374	20.844721
375	20.903605
376	20.962488
377	21.021371
378	21.080255
379	21.139138
380	21.198022
381	21.256905
382	21.315788
383	21.374672
384	21.433555
385	21.492439
386	21.551322
387	21.610205
388	21.669089
389	21.727972
390	21.786856
391	21.845739
392	21.904622
393	21.963506
394	22.022389
395	22.081273
396	22.140156
397	22.199039
398	22.257923
399	22.316806
400	22.375690
401	22.434573
402	22.493456
403	22.552340
404	22.611223
405	22.670106
406	22.728990
407	22.787873
408	22.846757
409	22.905640
410	22.964523
411	23.023407
412	23.082290
413	23.141174
414	23.200057
415	23.258940
416	23.317824
417	23.376707
418	23.435591
419	23.494474
420	23.553357
421	23.612241
422	23.671124
423	23.730008
424	23.788891
425	23.847774
426	23.906658
427	23.965541
428	24.024425
429	24.083308
430	24.142191
431	24.201075
432	24.259958
433	24.318841
434	24.377725
435	24.436608
436	24.495492
437	24.554375
438	24.613258
439	24.672142
440	24.731025
441	24.789909
442	24.848792
443	24.907675
444	24.966559
445	25.025442
446	25.084326
447	25.143209
448	25.202092
449	25.260976
450	25.319859
451	25.378743
452	25.437626
453	25.496509
454	25.555393
455	25.614276
456	25.673160
457	25.732043
458	25.790926
459	25.849810
460	25.908693
461	25.967577
462	26.026460
463	26.085343
464	26.144227
465	26.203110
466	26.261993
467	26.320877
468	26.379760
469	26.438644
470	26.497527
471	26.556410
472	26.615294
473	26.674177
474	26.733061
475	26.791944
476	26.850827
477	26.909711
478	26.968594
479	27.027478
480	27.086361
481	27.145244
482	27.204128
483	27.263011
484	27.321895
485	27.380778
486	27.439661
487	27.498545
488	27.557428
489	27.616312
490	27.675195
491	27.734078
492	27.792962
493	27.851845
494	27.910728
495	27.969612
496	28.028495
497	28.087379
498	28.146262
499	28.205145
500	28.264029
501	28.322912
502	28.381796
503	28.440679
504	28.499562
505	28.558446
506	28.617329
507	28.676213
508	28.735096
509	28.793979
510	28.852863
511	28.911746
512	28.970630
513	29.029513
514	29.088396
515	29.147280
516	29.206163
517	29.265047
518	29.323930
519	29.382813
520	29.441697
521	29.500580
522	29.559464
523	29.618347
524	29.677230
525	29.736114
526	29.794997
527	29.853880
528	29.912764
529	29.971647
530	30.030531
531	30.089414
532	30.148297
533	30.207181
534	30.266064
535	30.324948
536	30.383831
537	30.442714
538	30.501598
539	30.560481
540	30.619365
541	30.678248
542	30.737131
543	30.796015
544	30.854898
545	30.913782
546	30.972665
547	31.031548
548	31.090432
549	31.149315
550	31.208199
551	31.267082
552	31.325965
553	31.384849
554	31.443732
555	31.502615
556	31.561499
557	31.620382
558	31.679266
559	31.738149
560	31.797032
561	31.855916
562	31.914799
563	31.973683
564	32.032566
565	32.091449
566	32.150333
567	32.209216
568	32.268100
569	32.326983
570	32.385866
571	32.444750
572	32.503633
573	32.562517
574	32.621400
575	32.680283
576	32.739167
577	32.798050
578	32.856934
579	32.915817
580	32.974700
581	33.033584
582	33.092467
583	33.151351
584	33.210234
585	33.269117
586	33.328001
587	33.386884
588	33.445767
589	33.504651
590	33.563534
591	33.622418
592	33.681301
593	33.740184
594	33.799068
595	33.857951
596	33.916835
597	33.975718
598	34.034601
599	34.093485
600	34.152368
601	34.211252
602	34.270135
603	34.329018
604	34.387902
605	34.446785
606	34.505669
607	34.564552
608	34.623435
609	34.682319
610	34.741202
611	34.800086
612	34.858969
613	34.917852
614	34.976736
615	35.035619
616	35.094503
617	35.153386
618	35.212269
619	35.271153
620	35.330036
621	35.388919
622	35.447803
623	35.506686
624	35.565570
625	35.624453
626	35.683336
627	35.742220
628	35.801103
629	35.859987
630	35.918870
631	35.977753
632	36.036637
633	36.095520
634	36.154404
635	36.213287
636	36.272170
637	36.331054
638	36.389937
639	36.448821
640	36.507704
641	36.566587
642	36.625471
643	36.684354
644	36.743238
645	36.802121
646	36.861004
647	36.919888
648	36.978771
649	37.037654
650	37.096538
651	37.155421
652	37.214305
653	37.273188
654	37.332071
655	37.390955
656	37.449838
657	37.508722
658	37.567605
659	37.626488
660	37.685372
661	37.744255
662	37.803139
663	37.862022
664	37.920905
665	37.979789
666	38.038672
667	38.097556
668	38.156439
669	38.215322
670	38.274206
671	38.333089
672	38.391973
673	38.450856
674	38.509739
675	38.568623
676	38.627506
677	38.686390
678	38.745273
679	38.804156
680	38.863040
681	38.921923
682	38.980806
683	39.039690
684	39.098573
685	39.157457
686	39.216340
687	39.275223
688	39.334107
689	39.392990
690	39.451874
691	39.510757
692	39.569640
693	39.628524
694	39.687407
695	39.746291
696	39.805174
697	39.864057
698	39.922941
699	39.981824
700	40.040708
701	40.099591
702	40.158474
703	40.217358
704	40.276241
705	40.335125
706	40.394008
707	40.452891
708	40.511775
709	40.570658
710	40.629541
711	40.688425
712	40.747308
713	40.806192
714	40.865075
715	40.923958
716	40.982842
717	41.041725
718	41.100609
719	41.159492
720	41.218375
721	41.277259
722	41.336142
723	41.395026
724	41.453909
725	41.512792
726	41.571676
727	41.630559
728	41.689443
729	41.748326
730	41.807209
731	41.866093
732	41.924976
733	41.983860
734	42.042743
735	42.101626
736	42.160510
737	42.219393
738	42.278277
739	42.337160
740	42.396043
741	42.454927
742	42.513810
743	42.572693
744	42.631577
745	42.690460
746	42.749344
747	42.808227
748	42.867110
749	42.925994
750	42.984877
751	43.043761
752	43.102644
753	43.161527
754	43.220411
755	43.279294
756	43.338178
757	43.397061
758	43.455944
759	43.514828
760	43.573711
761	43.632595
762	43.691478
763	43.750361
764	43.809245
765	43.868128
766	43.927012
767	43.985895
768	44.044778
769	44.103662
770	44.162545
771	44.221428
772	44.280312
773	44.339195
774	44.398079
775	44.456962
776	44.515845
777	44.574729
778	44.633612
779	44.692496
780	44.751379
781	44.810262
782	44.869146
783	44.928029
784	44.986913
785	45.045796
786	45.104679
787	45.163563
788	45.222446
789	45.281330
790	45.340213
791	45.399096
792	45.457980
793	45.516863
794	45.575747
795	45.634630
796	45.693513
797	45.752397
798	45.811280
799	45.870164
800	45.929047
801	45.987930
802	46.046814
803	46.105697
804	46.164580
805	46.223464
806	46.282347
807	46.341231
808	46.400114
809	46.458997
810	46.517881
811	46.576764
812	46.635648
813	46.694531
814	46.753414
815	46.812298
816	46.871181
817	46.930065
818	46.988948
819	47.047831
820	47.106715
821	47.165598
822	47.224482
823	47.283365
824	47.342248
825	47.401132
826	47.460015
827	47.518899
828	47.577782
829	47.636665
830	47.695549
831	47.754432
832	47.813316
833	47.872199
834	47.931082
835	47.989966
836	48.048849
837	48.107732
838	48.166616
839	48.225499
840	48.284383
841	48.343266
842	48.402149
843	48.461033
844	48.519916
845	48.578800
846	48.637683
847	48.696566
848	48.755450
849	48.814333
850	48.873217
851	48.932100
852	48.990983
853	49.049867
854	49.108750
855	49.167634
856	49.226517
857	49.285400
858	49.344284
859	49.403167
860	49.462051
861	49.520934
862	49.579817
863	49.638701
864	49.697584
865	49.756467
866	49.815351
867	49.874234
868	49.933118
869	49.992001
870	50.050884
871	50.109768
872	50.168651
873	50.227535
874	50.286418
875	50.345301
876	50.404185
877	50.463068
878	50.521952
879	50.580835
880	50.639718
881	50.698602
882	50.757485
883	50.816369
884	50.875252
885	50.934135
886	50.993019
887	51.051902
888	51.110786
889	51.169669
890	51.228552
891	51.287436
892	51.346319
893	51.405203
894	51.464086
895	51.522969
896	51.581853
897	51.640736
898	51.699619
899	51.758503
900	51.817386
901	51.876270
902	51.935153
903	51.994036
904	52.052920
905	52.111803
906	52.170687
907	52.229570
908	52.288453
909	52.347337
910	52.406220
911	52.465104
912	52.523987
913	52.582870
914	52.641754
915	52.700637
916	52.759521
917	52.818404
918	52.877287
919	52.936171
920	52.995054
921	53.053938
922	53.112821
923	53.171704
924	53.230588
925	53.289471
926	53.348354
927	53.407238
928	53.466121
929	53.525005
930	53.583888
931	53.642771
932	53.701655
933	53.760538
934	53.819422
935	53.878305
936	53.937188
937	53.996072
938	54.054955
939	54.113839
940	54.172722
941	54.231605
942	54.290489
943	54.349372
944	54.408256
945	54.467139
946	54.526022
947	54.584906
948	54.643789
949	54.702673
950	54.761556
951	54.820439
952	54.879323
953	54.938206
954	54.997090
955	55.055973
956	55.114856
957	55.173740
958	55.232623
959	55.291506
960	55.350390
961	55.409273
962	55.468157
963	55.527040
964	55.585923
965	55.644807
966	55.703690
967	55.762574
968	55.821457
969	55.880340
970	55.939224
971	55.998107
972	56.056991
973	56.115874
974	56.174757
975	56.233641
976	56.292524
977	56.351408
978	56.410291
979	56.469174
980	56.528058
981	56.586941
982	56.645825
983	56.704708
984	56.763591
985	56.822475
986	56.881358
987	56.940241
988	56.999125
989	57.058008
990	57.116892
991	57.175775
992	57.234658
993	57.293542
994	57.352425
995	57.411309
996	57.470192
997	57.529075
998	57.587959
999	57.646842
1000	57.705726
1001	57.764609
1002	57.823492
1003	57.882376
1004	57.941259
1005	58.000143
1006	58.059026
1007	58.117909
1008	58.176793
1009	58.235676
1010	58.294560
1011	58.353443
1012	58.412326
1013	58.471210
1014	58.530093
1015	58.588977
1016	58.647860
1017	58.706743
1018	58.765627
1019	58.824510
1020	58.883393
1021	58.942277
1022	59.001160
1023	59.060044
1024	59.118927
1025	59.177810
1026	59.236694
1027	59.295577
1028	59.354461
1029	59.413344
1030	59.472227
1031	59.531111
1032	59.589994
1033	59.648878
1034	59.707761
1035	59.766644
1036	59.825528
1037	59.884411
1038	59.943295
1039	60.002178
1040	60.061061
1041	60.119945
1042	60.178828
1043	60.237712
1044	60.296595
1045	60.355478
1046	60.414362
1047	60.473245
1048	60.532128
1049	60.591012
1050	60.649895
1051	60.708779
1052	60.767662
1053	60.826545
1054	60.885429
1055	60.944312
1056	61.003196
1057	61.062079
1058	61.120962
1059	61.179846
1060	61.238729
1061	61.297613
1062	61.356496
1063	61.415379
1064	61.474263
1065	61.533146
1066	61.592030
1067	61.650913
1068	61.709796
1069	61.768680
1070	61.827563
1071	61.886447
1072	61.945330
1073	62.004213
1074	62.063097
1075	62.121980
1076	62.180864
1077	62.239747
1078	62.298630
1079	62.357514
1080	62.416397
1081	62.475280
1082	62.534164
1083	62.593047
1084	62.651931
1085	62.710814
1086	62.769697
1087	62.828581
1088	62.887464
1089	62.946348
1090	63.005231
1091	63.064114
1092	63.122998
1093	63.181881
1094	63.240765
1095	63.299648
1096	63.358531
1097	63.417415
1098	63.476298
1099	63.535182
1100	63.594065
1101	63.652948
1102	63.711832
1103	63.770715
1104	63.829599
1105	63.888482
1106	63.947365
1107	64.006249
1108	64.065132
1109	64.124016
1110	64.182899
1111	64.241782
1112	64.300666
1113	64.359549
1114	64.418432
1115	64.477316
1116	64.536199
1117	64.595083
1118	64.653966
1119	64.712849
1120	64.771733
1121	64.830616
1122	64.889500
1123	64.948383
1124	65.007266
1125	65.066150
1126	65.125033
1127	65.183917
1128	65.242800
1129	65.301683
1130	65.360567
1131	65.419450
1132	65.478334
1133	65.537217
1134	65.596100
1135	65.654984
1136	65.713867
1137	65.772751
1138	65.831634
1139	65.890517
1140	65.949401
1141	66.008284
1142	66.067167
1143	66.126051
1144	66.184934
1145	66.243818
1146	66.302701
1147	66.361584
1148	66.420468
1149	66.479351
1150	66.538235
1151	66.597118
1152	66.656001
1153	66.714885
1154	66.773768
1155	66.832652
1156	66.891535
1157	66.950418
1158	67.009302
1159	67.068185
1160	67.127069
1161	67.185952
1162	67.244835
1163	67.303719
1164	67.362602
1165	67.421486
1166	67.480369
1167	67.539252
1168	67.598136
1169	67.657019
1170	67.715903
1171	67.774786
1172	67.833669
1173	67.892553
1174	67.951436
1175	68.010319
1176	68.069203
1177	68.128086
1178	68.186970
1179	68.245853
1180	68.304736
1181	68.363620
1182	68.422503
1183	68.481387
1184	68.540270
1185	68.599153
1186	68.658037
1187	68.716920
1188	68.775804
1189	68.834687
1190	68.893570
1191	68.952454
1192	69.011337
1193	69.070221
1194	69.129104
1195	69.187987
1196	69.246871
1197	69.305754
1198	69.364638
1199	69.423521
1200	69.482404
1201	69.541288
1202	69.600171
1203	69.659054
1204	69.717938
1205	69.776821
1206	69.835705
1207	69.894588
1208	69.953471
1209	70.012355
1210	70.071238
1211	70.130122
1212	70.189005
1213	70.247888
1214	70.306772
1215	70.365655
1216	70.424539
1217	70.483422
1218	70.542305
1219	70.601189
1220	70.660072
1221	70.718956
1222	70.777839
1223	70.836722
1224	70.895606
1225	70.954489
1226	71.013373
1227	71.072256
1228	71.131139
1229	71.190023
1230	71.248906
1231	71.307790
1232	71.366673
1233	71.425556
1234	71.484440
1235	71.543323
1236	71.602206
1237	71.661090
1238	71.719973
1239	71.778857
1240	71.837740
1241	71.896623
1242	71.955507
1243	72.014390
1244	72.073274
1245	72.132157
1246	72.191040
1247	72.249924
1248	72.308807
1249	72.367691
1250	72.426574
1251	72.485457
1252	72.544341
1253	72.603224
1254	72.662108
1255	72.720991
1256	72.779874
1257	72.838758
1258	72.897641
1259	72.956525
1260	73.015408
1261	73.074291
1262	73.133175
1263	73.192058
1264	73.250941
1265	73.309825
1266	73.368708
1267	73.427592
1268	73.486475
1269	73.545358
1270	73.604242
1271	73.663125
1272	73.722009
1273	73.780892
1274	73.839775
1275	73.898659
1276	73.957542
1277	74.016426
1278	74.075309
1279	74.134192
1280	74.193076
1281	74.251959
1282	74.310843
1283	74.369726
1284	74.428609
1285	74.487493
1286	74.546376
1287	74.605260
1288	74.664143
1289	74.723026
1290	74.781910
1291	74.840793
1292	74.899677
1293	74.958560
1294	75.017443
1295	75.076327
1296	75.135210
1297	75.194093
1298	75.252977
1299	75.311860
1300	75.370744
1301	75.429627
1302	75.488510
1303	75.547394
1304	75.606277
1305	75.665161
1306	75.724044
1307	75.782927
1308	75.841811
1309	75.900694
1310	75.959578
1311	76.018461
1312	76.077344
1313	76.136228
1314	76.195111
1315	76.253995
1316	76.312878
1317	76.371761
1318	76.430645
1319	76.489528
1320	76.548412
1321	76.607295
1322	76.666178
1323	76.725062
1324	76.783945
1325	76.842828
1326	76.901712
1327	76.960595
1328	77.019479
1329	77.078362
1330	77.137245
1331	77.196129
1332	77.255012
1333	77.313896
1334	77.372779
1335	77.431662
1336	77.490546
1337	77.549429
1338	77.608313
1339	77.667196
1340	77.726079
1341	77.784963
1342	77.843846
1343	77.902730
1344	77.961613
1345	78.020496
1346	78.079380
1347	78.138263
1348	78.197147
1349	78.256030
1350	78.314913
1351	78.373797
1352	78.432680
1353	78.491564
1354	78.550447
1355	78.609330
1356	78.668214
1357	78.727097
1358	78.785980
1359	78.844864
1360	78.903747
1361	78.962631
1362	79.021514
1363	79.080397
1364	79.139281
1365	79.198164
1366	79.257048
1367	79.315931
1368	79.374814
1369	79.433698
1370	79.492581
1371	79.551465
1372	79.610348
1373	79.669231
1374	79.728115
1375	79.786998
1376	79.845882
1377	79.904765
1378	79.963648
1379	80.022532
1380	80.081415
1381	80.140299
1382	80.199182
1383	80.258065
1384	80.316949
1385	80.375832
1386	80.434716
1387	80.493599
1388	80.552482
1389	80.611366
1390	80.670249
1391	80.729132
1392	80.788016
1393	80.846899
1394	80.905783
1395	80.964666
1396	81.023549
1397	81.082433
1398	81.141316
1399	81.200200
1400	81.259083
1401	81.317966
1402	81.376850
1403	81.435733
1404	81.494617
1405	81.553500
1406	81.612383
1407	81.671267
1408	81.730150
1409	81.789034
1410	81.847917
1411	81.906800
1412	81.965684
1413	82.024567
1414	82.083451
1415	82.142334
1416	82.201217
1417	82.260101
1418	82.318984
1419	82.377867
1420	82.436751
1421	82.495634
1422	82.554518
1423	82.613401
1424	82.672284
1425	82.731168
1426	82.790051
1427	82.848935
1428	82.907818
1429	82.966701
1430	83.025585
1431	83.084468
1432	83.143352
1433	83.202235
1434	83.261118
1435	83.320002
1436	83.378885
1437	83.437769
1438	83.496652
1439	83.555535
1440	83.614419
1441	83.673302
1442	83.732186
1443	83.791069
1444	83.849952
1445	83.908836
1446	83.967719
1447	84.026603
1448	84.085486
1449	84.144369
1450	84.203253
1451	84.262136
1452	84.321019
1453	84.379903
1454	84.438786
1455	84.497670
1456	84.556553
1457	84.615436
1458	84.674320
1459	84.733203
1460	84.792087
1461	84.850970
1462	84.909853
1463	84.968737
1464	85.027620
1465	85.086504
1466	85.145387
1467	85.204270
1468	85.263154
1469	85.322037
1470	85.380921
1471	85.439804
1472	85.498687
1473	85.557571
1474	85.616454
1475	85.675338
1476	85.734221
1477	85.793104
1478	85.851988
1479	85.910871
1480	85.969754
1481	86.028638
1482	86.087521
1483	86.146405
1484	86.205288
1485	86.264171
1486	86.323055
1487	86.381938
1488	86.440822
1489	86.499705
1490	86.558588
1491	86.617472
1492	86.676355
1493	86.735239
1494	86.794122
1495	86.853005
1496	86.911889
1497	86.970772
1498	87.029656
1499	87.088539
1500	87.147422
1501	87.206306
1502	87.265189
1503	87.324073
1504	87.382956
1505	87.441839
1506	87.500723
1507	87.559606
1508	87.618490
1509	87.677373
1510	87.736256
1511	87.795140
1512	87.854023
1513	87.912906
1514	87.971790
1515	88.030673
1516	88.089557
1517	88.148440
1518	88.207323
1519	88.266207
1520	88.325090
1521	88.383974
1522	88.442857
1523	88.501740
1524	88.560624
1525	88.619507
1526	88.678391
1527	88.737274
1528	88.796157
1529	88.855041
1530	88.913924
1531	88.972808
1532	89.031691
1533	89.090574
1534	89.149458
1535	89.208341
1536	89.267225
1537	89.326108
1538	89.384991
1539	89.443875
1540	89.502758
1541	89.561641
1542	89.620525
1543	89.679408
1544	89.738292
1545	89.797175
1546	89.856058
1547	89.914942
1548	89.973825
1549	90.032709
1550	90.091592
1551	90.150475
1552	90.209359
1553	90.268242
1554	90.327126
1555	90.386009
1556	90.444892
1557	90.503776
1558	90.562659
1559	90.621543
1560	90.680426
1561	90.739309
1562	90.798193
1563	90.857076
1564	90.915960
1565	90.974843
1566	91.033726
1567	91.092610
1568	91.151493
1569	91.210377
1570	91.269260
1571	91.328143
1572	91.387027
1573	91.445910
1574	91.504793
1575	91.563677
1576	91.622560
1577	91.681444
1578	91.740327
1579	91.799210
1580	91.858094
1581	91.916977
1582	91.975861
1583	92.034744
1584	92.093627
1585	92.152511
1586	92.211394
1587	92.270278
1588	92.329161
1589	92.388044
1590	92.446928
1591	92.505811
1592	92.564695
1593	92.623578
1594	92.682461
1595	92.741345
1596	92.800228
1597	92.859112
1598	92.917995
1599	92.976878
1600	93.035762
1601	93.094645
1602	93.153529
1603	93.212412
1604	93.271295
1605	93.330179
1606	93.389062
1607	93.447945
1608	93.506829
1609	93.565712
1610	93.624596
1611	93.683479
1612	93.742362
1613	93.801246
1614	93.860129
1615	93.919013
1616	93.977896
1617	94.036779
1618	94.095663
1619	94.154546
1620	94.213430
1621	94.272313
1622	94.331196
1623	94.390080
1624	94.448963
1625	94.507847
1626	94.566730
1627	94.625613
1628	94.684497
1629	94.743380
1630	94.802264
1631	94.861147
1632	94.920030
1633	94.978914
1634	95.037797
1635	95.096680
1636	95.155564
1637	95.214447
1638	95.273331
1639	95.332214
1640	95.391097
1641	95.449981
1642	95.508864
1643	95.567748
1644	95.626631
1645	95.685514
1646	95.744398
1647	95.803281
1648	95.862165
1649	95.921048
1650	95.979931
1651	96.038815
1652	96.097698
1653	96.156582
1654	96.215465
1655	96.274348
1656	96.333232
1657	96.392115
1658	96.450999
1659	96.509882
1660	96.568765
1661	96.627649
1662	96.686532
1663	96.745416
1664	96.804299
1665	96.863182
1666	96.922066
1667	96.980949
1668	97.039832
1669	97.098716
1670	97.157599
1671	97.216483
1672	97.275366
1673	97.334249
1674	97.393133
1675	97.452016
1676	97.510900
1677	97.569783
1678	97.628666
1679	97.687550
1680	97.746433
1681	97.805317
1682	97.864200
1683	97.923083
1684	97.981967
1685	98.040850
1686	98.099734
1687	98.158617
1688	98.217500
1689	98.276384
1690	98.335267
1691	98.394151
1692	98.453034
1693	98.511917
1694	98.570801
1695	98.629684
1696	98.688567
1697	98.747451
1698	98.806334
1699	98.865218
1700	98.924101
1701	98.982984
1702	99.041868
1703	99.100751
1704	99.159635
1705	99.218518
1706	99.277401
1707	99.336285
1708	99.395168
1709	99.454052
1710	99.512935
1711	99.571818
1712	99.630702
1713	99.689585
1714	99.748469
1715	99.807352
1716	99.866235
1717	99.925119
1718	99.984002
1719	100.042886
1720	100.101769
1721	100.160652
1722	100.219536
1723	100.278419
1724	100.337303
1725	100.396186
1726	100.455069
1727	100.513953
1728	100.572836
1729	100.631719
1730	100.690603
1731	100.749486
1732	100.808370
1733	100.867253
1734	100.926136
1735	100.985020
1736	101.043903
1737	101.102787
1738	101.161670
1739	101.220553
1740	101.279437
1741	101.338320
1742	101.397204
1743	101.456087
1744	101.514970
1745	101.573854
1746	101.632737
1747	101.691621
1748	101.750504
1749	101.809387
1750	101.868271
1751	101.927154
1752	101.986038
1753	102.044921
1754	102.103804
1755	102.162688
1756	102.221571
1757	102.280454
1758	102.339338
1759	102.398221
1760	102.457105
1761	102.515988
1762	102.574871
1763	102.633755
1764	102.692638
1765	102.751522
1766	102.810405
1767	102.869288
1768	102.928172
1769	102.987055
1770	103.045939
1771	103.104822
1772	103.163705
1773	103.222589
1774	103.281472
1775	103.340356
1776	103.399239
1777	103.458122
1778	103.517006
1779	103.575889
1780	103.634773
1781	103.693656
1782	103.752539
1783	103.811423
1784	103.870306
1785	103.929190
1786	103.988073
1787	104.046956
1788	104.105840
1789	104.164723
1790	104.223606
1791	104.282490
1792	104.341373
1793	104.400257
1794	104.459140
1795	104.518023
1796	104.576907
1797	104.635790
1798	104.694674
1799	104.753557
1800	104.812440
1801	104.871324
1802	104.930207
1803	104.989091
1804	105.047974
1805	105.106857
1806	105.165741
1807	105.224624
1808	105.283508
1809	105.342391
1810	105.401274
1811	105.460158
1812	105.519041
1813	105.577925
1814	105.636808
1815	105.695691
1816	105.754575
1817	105.813458
1818	105.872341
1819	105.931225
1820	105.990108
1821	106.048992
1822	106.107875
1823	106.166758
1824	106.225642
1825	106.284525
1826	106.343409
1827	106.402292
1828	106.461175
1829	106.520059
1830	106.578942
1831	106.637826
1832	106.696709
1833	106.755592
1834	106.814476
1835	106.873359
1836	106.932243
1837	106.991126
1838	107.050009
1839	107.108893
1840	107.167776
1841	107.226660
1842	107.285543
1843	107.344426
1844	107.403310
1845	107.462193
1846	107.521077
1847	107.579960
1848	107.638843
1849	107.697727
1850	107.756610
1851	107.815493
1852	107.874377
1853	107.933260
1854	107.992144
1855	108.051027
1856	108.109910
1857	108.168794
1858	108.227677
1859	108.286561
1860	108.345444
1861	108.404327
1862	108.463211
1863	108.522094
1864	108.580978
1865	108.639861
1866	108.698744
1867	108.757628
1868	108.816511
1869	108.875395
1870	108.934278
1871	108.993161
1872	109.052045
1873	109.110928
1874	109.169812
1875	109.228695
1876	109.287578
1877	109.346462
1878	109.405345
1879	109.464229
1880	109.523112
1881	109.581995
1882	109.640879
1883	109.699762
1884	109.758645
1885	109.817529
1886	109.876412
1887	109.935296
1888	109.994179
1889	110.053062
1890	110.111946
1891	110.170829
1892	110.229713
1893	110.288596
1894	110.347479
1895	110.406363
1896	110.465246
1897	110.524130
1898	110.583013
1899	110.641896
1900	110.700780
1901	110.759663
1902	110.818547
1903	110.877430
1904	110.936313
1905	110.995197
1906	111.054080
1907	111.112964
1908	111.171847
1909	111.230730
1910	111.289614
1911	111.348497
1912	111.407380
1913	111.466264
1914	111.525147
1915	111.584031
1916	111.642914
1917	111.701797
1918	111.760681
1919	111.819564
1920	111.878448
1921	111.937331
1922	111.996214
1923	112.055098
1924	112.113981
1925	112.172865
1926	112.231748
1927	112.290631
1928	112.349515
1929	112.408398
1930	112.467282
1931	112.526165
1932	112.585048
1933	112.643932
1934	112.702815
1935	112.761699
1936	112.820582
1937	112.879465
1938	112.938349
1939	112.997232
1940	113.056116
1941	113.114999
1942	113.173882
1943	113.232766
1944	113.291649
1945	113.350532
1946	113.409416
1947	113.468299
1948	113.527183
1949	113.586066
1950	113.644949
1951	113.703833
1952	113.762716
1953	113.821600
1954	113.880483
1955	113.939366
1956	113.998250
1957	114.057133
1958	114.116017
1959	114.174900
1960	114.233783
1961	114.292667
1962	114.351550
1963	114.410434
1964	114.469317
1965	114.528200
1966	114.587084
1967	114.645967
1968	114.704851
1969	114.763734
1970	114.822617
1971	114.881501
1972	114.940384
1973	114.999267
1974	115.058151
1975	115.117034
1976	115.175918
1977	115.234801
1978	115.293684
1979	115.352568
1980	115.411451
1981	115.470335
1982	115.529218
1983	115.588101
1984	115.646985
1985	115.705868
1986	115.764752
1987	115.823635
1988	115.882518
1989	115.941402
1990	116.000285
1991	116.059169
1992	116.118052
1993	116.176935
1994	116.235819
1995	116.294702
1996	116.353586
1997	116.412469
1998	116.471352
1999	116.530236
2000	116.589119
2001	116.648003
2002	116.706886
2003	116.765769
2004	116.824653
2005	116.883536
2006	116.942419
2007	117.001303
2008	117.060186
2009	117.119070
2010	117.177953
2011	117.236836
2012	117.295720
2013	117.354603
2014	117.413487
2015	117.472370
2016	117.531253
2017	117.590137
2018	117.649020
2019	117.707904
2020	117.766787
2021	117.825670
2022	117.884554
2023	117.943437
2024	118.002321
2025	118.061204
2026	118.120087
2027	118.178971
2028	118.237854
2029	118.296738
2030	118.355621
2031	118.414504
2032	118.473388
2033	118.532271
2034	118.591154
2035	118.650038
2036	118.708921
2037	118.767805
2038	118.826688
2039	118.885571
2040	118.944455
2041	119.003338
2042	119.062222
2043	119.121105
2044	119.179988
2045	119.238872
2046	119.297755
2047	119.356639
