0	-1.177285
1	-1.118420
2	-1.059556
3	-1.000692
4	-0.941828
5	-0.882963
6	-0.824099
7	-0.765235
8	-0.706371
9	-0.647507
10	-0.588642
11	-0.529778
12	-0.470914
13	-0.412050
14	-0.353185
15	-0.294321
16	-0.235457
17	-0.176593
18	-0.117729
19	-0.058864
20	0.000000
21	0.058864
22	0.117728
23	0.176593
24	0.235457
25	0.294321
26	0.353185
27	0.412049
28	0.470914
29	0.529778
30	0.588642
31	0.647506
32	0.706371
33	0.765235
34	0.824099
35	0.882963
36	0.941827
37	1.000692
38	1.059556
39	1.118420
40	1.177284
41	1.236149
42	1.295013
43	1.353877
44	1.412741
45	1.471605
46	1.530470
47	1.589334
48	1.648198
49	1.707062
50	1.765927
51	1.824791
52	1.883655
53	1.942519
54	2.001383
55	2.060248
56	2.119112
57	2.177976
58	2.236840
59	2.295704
60	2.354569
61	2.413433
62	2.472297
63	2.531161
64	2.590026
65	2.648890
66	2.707754
67	2.766618
68	2.825482
69	2.884347
70	2.943211
71	3.002075
72	3.060939
73	3.119804
74	3.178668
75	3.237532
76	3.296396
77	3.355260
78	3.414125
79	3.472989
80	3.531853
81	3.590717
82	3.649582
83	3.708446
84	3.767310
85	3.826174
86	3.885038
87	3.943903
88	4.002767
89	4.061631
90	4.120495
91	4.179360
92	4.238224
93	4.297088
94	4.355952
95	4.414816
96	4.473681
97	4.532545
98	4.591409
99	4.650273
100	4.709138
101	4.768002
102	4.826866
103	4.885730
104	4.944594
105	5.003459
106	5.062323
107	5.121187
108	5.180051
109	5.238916
110	5.297780
111	5.356644
112	5.415508
113	5.474372
114	5.533237
115	5.592101
116	5.650965
117	5.709829
118	5.768694
119	5.827558
120	5.886422
121	5.945286
122	6.004150
123	6.063015
124	6.121879
125	6.180743
126	6.239607
127	6.298472
128	6.357336
129	6.416200
130	6.475064
131	6.533928
132	6.592793
133	6.651657
134	6.710521
135	6.769385
136	6.828250
137	6.887114
138	6.945978
139	7.004842
140	7.063706
141	7.122571
142	7.181435
143	7.240299
144	7.299163
145	7.358027
146	7.416892
147	7.475756
148	7.534620
149	7.593484
150	7.652349
151	7.711213
152	7.770077
153	7.828941
154	7.887805
155	7.946670
156	8.005534
157	8.064398
158	8.123262
159	8.182127
160	8.240991
161	8.299855
162	8.358719
163	8.417583
164	8.476448
165	8.535312
166	8.594176
167	8.653040
168	8.711905
169	8.770769
170	8.829633
171	8.888497
172	8.947361
173	9.006226
174	9.065090
175	9.123954
176	9.182818
177	9.241683
178	9.300547
179	9.359411
180	9.418275
181	9.477139
182	9.536004
183	9.594868
184	9.653732
185	9.712596
186	9.771461
187	9.830325
188	9.889189
189	9.948053
190	10.006917
191	10.065782
192	10.124646
193	10.183510
194	10.242374
195	10.301239
196	10.360103
197	10.418967
198	10.477831
199	10.536695
200	10.595560
201	10.654424
202	10.713288
203	10.772152
204	10.831017
205	10.889881
206	10.948745
207	11.007609
208	11.066473
209	11.125338
210	11.184202
211	11.243066
212	11.301930
213	11.360795
214	11.419659
215	11.478523
216	11.537387
217	11.596251
218	11.655116
219	11.713980
220	11.772844
221	11.831708
222	11.890572
223	11.949437
224	12.008301
225	12.067165
226	12.126029
227	12.184894
228	12.243758
229	12.302622
230	12.361486
231	12.420350
232	12.479215
233	12.538079
234	12.596943
235	12.655807
236	12.714672
237	12.773536
238	12.832400
239	12.891264
240	12.950128
241	13.008993
242	13.067857
243	13.126721
244	13.185585
245	13.244450
246	13.303314
247	13.362178
248	13.421042
249	13.479906
250	13.538771
251	13.597635
252	13.656499
253	13.715363
254	13.774228
255	13.833092
256	13.891956
257	13.950820
258	14.009684
259	14.068549
260	14.127413
261	14.186277
262	14.245141
263	14.304006
264	14.362870
265	14.421734
266	14.480598
267	14.539462
268	14.598327
269	14.657191
270	14.716055
271	14.774919
272	14.833784
273	14.892648
274	14.951512
275	15.010376
276	15.069240
277	15.128105
278	15.186969
279	15.245833
280	15.304697
281	15.363562
282	15.422426
283	15.481290
284	15.540154
285	15.599018
286	15.657883
287	15.716747
288	15.775611
289	15.834475
290	15.893340
291	15.952204
292	16.011068
293	16.069932
294	16.128796
295	16.187661
296	16.246525
297	16.305389
298	16.364253
299	16.423118
300	16.481982
301	16.540846
302	16.599710
303	16.658574
304	16.717439
305	16.776303
306	16.835167
307	16.894031
308	16.952895
309	17.011760
310	17.070624
311	17.129488
312	17.188352
313	17.247217
314	17.306081
315	17.364945
316	17.423809
317	17.482673
318	17.541538
319	17.600402
320	17.659266
321	17.718130
322	17.776995
323	17.835859
324	17.894723
325	17.953587
326	18.012451
327	18.071316
328	18.130180
329	18.189044
330	18.247908
331	18.306773
332	18.365637
333	18.424501
334	18.483365
335	18.542229
336	18.601094
337	18.659958
338	18.718822
339	18.777686
340	18.836551
341	18.895415
342	18.954279
343	19.013143
344	19.072007
345	19.130872
346	19.189736
347	19.248600
348	19.307464
349	19.366329
350	19.425193
351	19.484057
352	19.542921
353	19.601785
354	19.660650
355	19.719514
356	19.778378
357	19.837242
358	19.896107
359	19.954971
360	20.013835
361	20.072699
362	20.131563
363	20.190428
364	20.249292
365	20.308156
366	20.367020
367	20.425885
368	20.484749
369	20.543613
370	20.602477
371	20.661341
372	20.720206
373	20.779070
374	20.837934
375	20.896798
376	20.955663
377	21.014527
378	21.073391
379	21.132255
380	21.191119
381	21.249984
382	21.308848
383	21.367712
384	21.426576
385	21.485441
386	21.544305
387	21.603169
388	21.662033
389	21.720897
390	21.779762
391	21.838626
392	21.897490
393	21.956354
394	22.015218
395	22.074083
396	22.132947
397	22.191811
398	22.250675
399	22.309540
400	22.368404
401	22.427268
402	22.486132
403	22.544996
404	22.603861
405	22.662725
406	22.721589
407	22.780453
408	22.839318
409	22.898182
410	22.957046
411	23.015910
412	23.074774
413	23.133639
414	23.192503
415	23.251367
416	23.310231
417	23.369096
418	23.427960
419	23.486824
420	23.545688
421	23.604552
422	23.663417
423	23.722281
424	23.781145
425	23.840009
426	23.898874
427	23.957738
428	24.016602
429	24.075466
430	24.134330
431	24.193195
432	24.252059
433	24.310923
434	24.369787
435	24.428652
436	24.487516
437	24.546380
438	24.605244
439	24.664108
440	24.722973
441	24.781837
442	24.840701
443	24.899565
444	24.958430
445	25.017294
446	25.076158
447	25.135022
448	25.193886
449	25.252751
450	25.311615
451	25.370479
452	25.429343
453	25.488208
454	25.547072
455	25.605936
456	25.664800
457	25.723664
458	25.782529
459	25.841393
460	25.900257
461	25.959121
462	26.017986
463	26.076850
464	26.135714
465	26.194578
466	26.253442
467	26.312307
468	26.371171
469	26.430035
470	26.488899
471	26.547763
472	26.606628
473	26.665492
474	26.724356
475	26.783220
476	26.842085
477	26.900949
478	26.959813
479	27.018677
480	27.077541
481	27.136406
482	27.195270
483	27.254134
484	27.312998
485	27.371863
486	27.430727
487	27.489591
488	27.548455
489	27.607319
490	27.666184
491	27.725048
492	27.783912
493	27.842776
494	27.901641
495	27.960505
496	28.019369
497	28.078233
498	28.137097
499	28.195962
500	28.254826
501	28.313690
502	28.372554
503	28.431419
504	28.490283
505	28.549147
506	28.608011
507	28.666875
508	28.725740
509	28.784604
510	28.843468
511	28.902332
512	28.961197
513	29.020061
514	29.078925
515	29.137789
516	29.196653
517	29.255518
518	29.314382
519	29.373246
520	29.432110
521	29.490975
522	29.549839
523	29.608703
524	29.667567
525	29.726431
526	29.785296
527	29.844160
528	29.903024
529	29.961888
530	30.020753
531	30.079617
532	30.138481
533	30.197345
534	30.256209
535	30.315074
536	30.373938
537	30.432802
538	30.491666
539	30.550531
540	30.609395
541	30.668259
542	30.727123
543	30.785987
544	30.844852
545	30.903716
546	30.962580
547	31.021444
548	31.080309
549	31.139173
550	31.198037
551	31.256901
552	31.315765
553	31.374630
554	31.433494
555	31.492358
556	31.551222
557	31.610086
558	31.668951
559	31.727815
560	31.786679
561	31.845543
562	31.904408
563	31.963272
564	32.022136
565	32.081000
566	32.139864
567	32.198729
568	32.257593
569	32.316457
570	32.375321
571	32.434186
572	32.493050
573	32.551914
574	32.610778
575	32.669642
576	32.728507
577	32.787371
578	32.846235
579	32.905099
580	32.963964
581	33.022828
582	33.081692
583	33.140556
584	33.199420
585	33.258285
586	33.317149
587	33.376013
588	33.434877
589	33.493742
590	33.552606
591	33.611470
592	33.670334
593	33.729198
594	33.788063
595	33.846927
596	33.905791
597	33.964655
598	34.023520
599	34.082384
600	34.141248
601	34.200112
602	34.258976
603	34.317841
604	34.376705
605	34.435569
606	34.494433
607	34.553298
608	34.612162
609	34.671026
610	34.729890
611	34.788754
612	34.847619
613	34.906483
614	34.965347
615	35.024211
616	35.083076
617	35.141940
618	35.200804
619	35.259668
620	35.318532
621	35.377397
622	35.436261
623	35.495125
624	35.553989
625	35.612854
626	35.671718
627	35.730582
628	35.789446
629	35.848310
630	35.907175
631	35.966039
632	36.024903
633	36.083767
634	36.142631
635	36.201496
636	36.260360
637	36.319224
638	36.378088
639	36.436953
640	36.495817
641	36.554681
642	36.613545
643	36.672409
644	36.731274
645	36.790138
646	36.849002
647	36.907866
648	36.966731
649	37.025595
650	37.084459
651	37.143323
652	37.202187
653	37.261052
654	37.319916
655	37.378780
656	37.437644
657	37.496509
658	37.555373
659	37.614237
660	37.673101
661	37.731965
662	37.790830
663	37.849694
664	37.908558
665	37.967422
666	38.026287
667	38.085151
668	38.144015
669	38.202879
670	38.261743
671	38.320608
672	38.379472
673	38.438336
674	38.497200
675	38.556065
676	38.614929
677	38.673793
678	38.732657
679	38.791521
680	38.850386
681	38.909250
682	38.968114
683	39.026978
684	39.085843
685	39.144707
686	39.203571
687	39.262435
688	39.321299
689	39.380164
690	39.439028
691	39.497892
692	39.556756
693	39.615621
694	39.674485
695	39.733349
696	39.792213
697	39.851077
698	39.909942
699	39.968806
700	40.027670
701	40.086534
702	40.145399
703	40.204263
704	40.263127
705	40.321991
706	40.380855
707	40.439720
708	40.498584
709	40.557448
710	40.616312
711	40.675177
712	40.734041
713	40.792905
714	40.851769
715	40.910633
716	40.969498
717	41.028362
718	41.087226
719	41.146090
720	41.204954
721	41.263819
722	41.322683
723	41.381547
724	41.440411
725	41.499276
726	41.558140
727	41.617004
728	41.675868
729	41.734732
730	41.793597
731	41.852461
732	41.911325
733	41.970189
734	42.029054
735	42.087918
736	42.146782
737	42.205646
738	42.264510
739	42.323375
740	42.382239
741	42.441103
742	42.499967
743	42.558832
744	42.617696
745	42.676560
746	42.735424
747	42.794288
748	42.853153
749	42.912017
750	42.970881
751	43.029745
752	43.088610
753	43.147474
754	43.206338
755	43.265202
756	43.324066
757	43.382931
758	43.441795
759	43.500659
760	43.559523
761	43.618388
762	43.677252
763	43.736116
764	43.794980
765	43.853844
766	43.912709
767	43.971573
768	44.030437
769	44.089301
770	44.148166
771	44.207030
772	44.265894
773	44.324758
774	44.383622
775	44.442487
776	44.501351
777	44.560215
778	44.619079
779	44.677944
780	44.736808
781	44.795672
782	44.854536
783	44.913400
784	44.972265
785	45.031129
786	45.089993
787	45.148857
788	45.207722
789	45.266586
790	45.325450
791	45.384314
792	45.443178
793	45.502043
794	45.560907
795	45.619771
796	45.678635
797	45.737500
798	45.796364
799	45.855228
800	45.914092
801	45.972956
802	46.031821
803	46.090685
804	46.149549
805	46.208413
806	46.267277
807	46.326142
808	46.385006
809	46.443870
810	46.502734
811	46.561599
812	46.620463
813	46.679327
814	46.738191
815	46.797055
816	46.855920
817	46.914784
818	46.973648
819	47.032512
820	47.091377
821	47.150241
822	47.209105
823	47.267969
824	47.326833
825	47.385698
826	47.444562
827	47.503426
828	47.562290
829	47.621155
830	47.680019
831	47.738883
832	47.797747
833	47.856611
834	47.915476
835	47.974340
836	48.033204
837	48.092068
838	48.150933
839	48.209797
840	48.268661
841	48.327525
842	48.386389
843	48.445254
844	48.504118
845	48.562982
846	48.621846
847	48.680711
848	48.739575
849	48.798439
850	48.857303
851	48.916167
852	48.975032
853	49.033896
854	49.092760
855	49.151624
856	49.210489
857	49.269353
858	49.328217
859	49.387081
860	49.445945
861	49.504810
862	49.563674
863	49.622538
864	49.681402
865	49.740267
866	49.799131
867	49.857995
868	49.916859
869	49.975723
870	50.034588
871	50.093452
872	50.152316
873	50.211180
874	50.270045
875	50.328909
876	50.387773
877	50.446637
878	50.505501
879	50.564366
880	50.623230
881	50.682094
882	50.740958
883	50.799822
884	50.858687
885	50.917551
886	50.976415
887	51.035279
888	51.094144
889	51.153008
890	51.211872
891	51.270736
892	51.329600
893	51.388465
894	51.447329
895	51.506193
896	51.565057
897	51.623922
898	51.682786
899	51.741650
900	51.800514
901	51.859378
902	51.918243
903	51.977107
904	52.035971
905	52.094835
906	52.153700
907	52.212564
908	52.271428
909	52.330292
910	52.389156
911	52.448021
912	52.506885
913	52.565749
914	52.624613
915	52.683478
916	52.742342
917	52.801206
918	52.860070
919	52.918934
920	52.977799
921	53.036663
922	53.095527
923	53.154391
924	53.213256
925	53.272120
926	53.330984
927	53.389848
928	53.448712
929	53.507577
930	53.566441
931	53.625305
932	53.684169
933	53.743034
934	53.801898
935	53.860762
936	53.919626
937	53.978490
938	54.037355
939	54.096219
940	54.155083
941	54.213947
942	54.272812
943	54.331676
944	54.390540
945	54.449404
946	54.508268
947	54.567133
948	54.625997
949	54.684861
950	54.743725
951	54.802590
952	54.861454
953	54.920318
954	54.979182
955	55.038046
956	55.096911
957	55.155775
958	55.214639
959	55.273503
960	55.332368
961	55.391232
962	55.450096
963	55.508960
964	55.567824
965	55.626689
966	55.685553
967	55.744417
968	55.803281
969	55.862145
970	55.921010
971	55.979874
972	56.038738
973	56.097602
974	56.156467
975	56.215331
976	56.274195
977	56.333059
978	56.391923
979	56.450788
980	56.509652
981	56.568516
982	56.627380
983	56.686245
984	56.745109
985	56.803973
986	56.862837
987	56.921701
988	56.980566
989	57.039430
990	57.098294
991	57.157158
992	57.216023
993	57.274887
994	57.333751
995	57.392615
996	57.451479
997	57.510344
998	57.569208
999	57.628072
1000	57.686936
1001	57.745801
1002	57.804665
1003	57.863529
1004	57.922393
1005	57.981257
1006	58.040122
1007	58.098986
1008	58.157850
1009	58.216714
1010	58.275579
1011	58.334443
1012	58.393307
1013	58.452171
1014	58.511035
1015	58.569900
1016	58.628764
1017	58.687628
1018	58.746492
1019	58.805357
1020	58.864221
1021	58.923085
1022	58.981949
1023	59.040813
1024	59.099678
1025	59.158542
1026	59.217406
1027	59.276270
1028	59.335135
1029	59.393999
1030	59.452863
1031	59.511727
1032	59.570591
1033	59.629456
1034	59.688320
1035	59.747184
1036	59.806048
1037	59.864913
1038	59.923777
1039	59.982641
1040	60.041505
1041	60.100369
1042	60.159234
1043	60.218098
1044	60.276962
1045	60.335826
1046	60.394690
1047	60.453555
1048	60.512419
1049	60.571283
1050	60.630147
1051	60.689012
1052	60.747876
1053	60.806740
1054	60.865604
1055	60.924468
1056	60.983333
1057	61.042197
1058	61.101061
1059	61.159925
1060	61.218790
1061	61.277654
1062	61.336518
1063	61.395382
1064	61.454246
1065	61.513111
1066	61.571975
1067	61.630839
1068	61.689703
1069	61.748568
1070	61.807432
1071	61.866296
1072	61.925160
1073	61.984024
1074	62.042889
1075	62.101753
1076	62.160617
1077	62.219481
1078	62.278346
1079	62.337210
1080	62.396074
1081	62.454938
1082	62.513802
1083	62.572667
1084	62.631531
1085	62.690395
1086	62.749259
1087	62.808124
1088	62.866988
1089	62.925852
1090	62.984716
1091	63.043580
1092	63.102445
1093	63.161309
1094	63.220173
1095	63.279037
1096	63.337902
1097	63.396766
1098	63.455630
1099	63.514494
1100	63.573358
1101	63.632223
1102	63.691087
1103	63.749951
1104	63.808815
1105	63.867680
1106	63.926544
1107	63.985408
1108	64.044272
1109	64.103136
1110	64.162001
1111	64.220865
1112	64.279729
1113	64.338593
1114	64.397458
1115	64.456322
1116	64.515186
1117	64.574050
1118	64.632914
1119	64.691779
1120	64.750643
1121	64.809507
1122	64.868371
1123	64.927236
1124	64.986100
1125	65.044964
1126	65.103828
1127	65.162692
1128	65.221557
1129	65.280421
1130	65.339285
1131	65.398149
1132	65.457013
1133	65.515878
1134	65.574742
1135	65.633606
1136	65.692470
1137	65.751335
1138	65.810199
1139	65.869063
1140	65.927927
1141	65.986791
1142	66.045656
1143	66.104520
1144	66.163384
1145	66.222248
1146	66.281113
1147	66.339977
1148	66.398841
1149	66.457705
1150	66.516569
1151	66.575434
1152	66.634298
1153	66.693162
1154	66.752026
1155	66.810891
1156	66.869755
1157	66.928619
1158	66.987483
1159	67.046347
1160	67.105212
1161	67.164076
1162	67.222940
1163	67.281804
1164	67.340669
1165	67.399533
1166	67.458397
1167	67.517261
1168	67.576125
1169	67.634990
1170	67.693854
1171	67.752718
1172	67.811582
1173	67.870447
1174	67.929311
1175	67.988175
1176	68.047039
1177	68.105903
1178	68.164768
1179	68.223632
1180	68.282496
1181	68.341360
1182	68.400225
1183	68.459089
1184	68.517953
1185	68.576817
1186	68.635681
1187	68.694546
1188	68.753410
1189	68.812274
1190	68.871138
1191	68.930003
1192	68.988867
1193	69.047731
1194	69.106595
1195	69.165459
1196	69.224324
1197	69.283188
1198	69.342052
1199	69.400916
1200	69.459781
1201	69.518645
1202	69.577509
1203	69.636373
1204	69.695237
1205	69.754102
1206	69.812966
1207	69.871830
1208	69.930694
1209	69.989559
1210	70.048423
1211	70.107287
1212	70.166151
1213	70.225015
1214	70.283880
1215	70.342744
1216	70.401608
1217	70.460472
1218	70.519336
1219	70.578201
1220	70.637065
1221	70.695929
1222	70.754793
1223	70.813658
1224	70.872522
1225	70.931386
1226	70.990250
1227	71.049114
1228	71.107979
1229	71.166843
1230	71.225707
1231	71.284571
1232	71.343436
1233	71.402300
1234	71.461164
1235	71.520028
1236	71.578892
1237	71.637757
1238	71.696621
1239	71.755485
1240	71.814349
1241	71.873214
1242	71.932078
1243	71.990942
1244	72.049806
1245	72.108670
1246	72.167535
1247	72.226399
1248	72.285263
1249	72.344127
1250	72.402992
1251	72.461856
1252	72.520720
1253	72.579584
1254	72.638448
1255	72.697313
1256	72.756177
1257	72.815041
1258	72.873905
1259	72.932770
1260	72.991634
1261	73.050498
1262	73.109362
1263	73.168226
1264	73.227091
1265	73.285955
1266	73.344819
1267	73.403683
1268	73.462548
1269	73.521412
1270	73.580276
1271	73.639140
1272	73.698004
1273	73.756869
1274	73.815733
1275	73.874597
1276	73.933461
1277	73.992326
1278	74.051190
1279	74.110054
1280	74.168918
1281	74.227782
1282	74.286647
1283	74.345511
1284	74.404375
1285	74.463239
1286	74.522104
1287	74.580968
1288	74.639832
1289	74.698696
1290	74.757560
1291	74.816425
1292	74.875289
1293	74.934153
1294	74.993017
1295	75.051881
1296	75.110746
1297	75.169610
1298	75.228474
1299	75.287338
1300	75.346203
1301	75.405067
1302	75.463931
1303	75.522795
1304	75.581659
1305	75.640524
1306	75.699388
1307	75.758252
1308	75.817116
1309	75.875981
1310	75.934845
1311	75.993709
1312	76.052573
1313	76.111437
1314	76.170302
1315	76.229166
1316	76.288030
1317	76.346894
1318	76.405759
1319	76.464623
1320	76.523487
1321	76.582351
1322	76.641215
1323	76.700080
1324	76.758944
1325	76.817808
1326	76.876672
1327	76.935537
1328	76.994401
1329	77.053265
1330	77.112129
1331	77.170993
1332	77.229858
1333	77.288722
1334	77.347586
1335	77.406450
1336	77.465315
1337	77.524179
1338	77.583043
1339	77.641907
1340	77.700771
1341	77.759636
1342	77.818500
1343	77.877364
1344	77.936228
1345	77.995093
1346	78.053957
1347	78.112821
1348	78.171685
1349	78.230549
1350	78.289414
1351	78.348278
1352	78.407142
1353	78.466006
1354	78.524871
1355	78.583735
1356	78.642599
1357	78.701463
1358	78.760327
1359	78.819192
1360	78.878056
1361	78.936920
1362	78.995784
1363	79.054649
1364	79.113513
1365	79.172377
1366	79.231241
1367	79.290105
1368	79.348970
1369	79.407834
1370	79.466698
1371	79.525562
1372	79.584427
1373	79.643291
1374	79.702155
1375	79.761019
1376	79.819883
1377	79.878748
1378	79.937612
1379	79.996476
1380	80.055340
1381	80.114204
1382	80.173069
1383	80.231933
1384	80.290797
1385	80.349661
1386	80.408526
1387	80.467390
1388	80.526254
1389	80.585118
1390	80.643982
1391	80.702847
1392	80.761711
1393	80.820575
1394	80.879439
1395	80.938304
1396	80.997168
1397	81.056032
1398	81.114896
1399	81.173760
1400	81.232625
1401	81.291489
1402	81.350353
1403	81.409217
1404	81.468082
1405	81.526946
1406	81.585810
1407	81.644674
1408	81.703538
1409	81.762403
1410	81.821267
1411	81.880131
1412	81.938995
1413	81.997860
1414	82.056724
1415	82.115588
1416	82.174452
1417	82.233316
1418	82.292181
1419	82.351045
1420	82.409909
1421	82.468773
1422	82.527638
1423	82.586502
1424	82.645366
1425	82.704230
1426	82.763094
1427	82.821959
1428	82.880823
1429	82.939687
1430	82.998551
1431	83.057416
1432	83.116280
1433	83.175144
1434	83.234008
1435	83.292872
1436	83.351737
1437	83.410601
1438	83.469465
1439	83.528329
1440	83.587194
1441	83.646058
1442	83.704922
1443	83.763786
1444	83.822650
1445	83.881515
1446	83.940379
1447	83.999243
1448	84.058107
1449	84.116972
1450	84.175836
1451	84.234700
1452	84.293564
1453	84.352428
1454	84.411293
1455	84.470157
1456	84.529021
1457	84.587885
1458	84.646749
1459	84.705614
1460	84.764478
1461	84.823342
1462	84.882206
1463	84.941071
1464	84.999935
1465	85.058799
1466	85.117663
1467	85.176527
1468	85.235392
1469	85.294256
1470	85.353120
1471	85.411984
1472	85.470849
1473	85.529713
1474	85.588577
1475	85.647441
1476	85.706305
1477	85.765170
1478	85.824034
1479	85.882898
1480	85.941762
1481	86.000627
1482	86.059491
1483	86.118355
1484	86.177219
1485	86.236083
1486	86.294948
1487	86.353812
1488	86.412676
1489	86.471540
1490	86.530405
1491	86.589269
1492	86.648133
1493	86.706997
1494	86.765861
1495	86.824726
1496	86.883590
1497	86.942454
1498	87.001318
1499	87.060183
1500	87.119047
1501	87.177911
1502	87.236775
1503	87.295639
1504	87.354504
1505	87.413368
1506	87.472232
1507	87.531096
1508	87.589961
1509	87.648825
1510	87.707689
1511	87.766553
1512	87.825417
1513	87.884282
1514	87.943146
1515	88.002010
1516	88.060874
1517	88.119739
1518	88.178603
1519	88.237467
1520	88.296331
1521	88.355195
1522	88.414060
1523	88.472924
1524	88.531788
1525	88.590652
1526	88.649517
1527	88.708381
1528	88.767245
1529	88.826109
1530	88.884973
1531	88.943838
1532	89.002702
1533	89.061566
1534	89.120430
1535	89.179295
1536	89.238159
1537	89.297023
1538	89.355887
1539	89.414751
1540	89.473616
1541	89.532480
1542	89.591344
1543	89.650208
1544	89.709072
1545	89.767937
1546	89.826801
1547	89.885665
1548	89.944529
1549	90.003394
1550	90.062258
1551	90.121122
1552	90.179986
1553	90.238850
1554	90.297715
1555	90.356579
1556	90.415443
1557	90.474307
1558	90.533172
1559	90.592036
1560	90.650900
1561	90.709764
1562	90.768628
1563	90.827493
1564	90.886357
1565	90.945221
1566	91.004085
1567	91.062950
1568	91.121814
1569	91.180678
1570	91.239542
1571	91.298406
1572	91.357271
1573	91.416135
1574	91.474999
1575	91.533863
1576	91.592728
1577	91.651592
1578	91.710456
1579	91.769320
1580	91.828184
1581	91.887049
1582	91.945913
1583	92.004777
1584	92.063641
1585	92.122506
1586	92.181370
1587	92.240234
1588	92.299098
1589	92.357962
1590	92.416827
1591	92.475691
1592	92.534555
1593	92.593419
1594	92.652284
1595	92.711148
1596	92.770012
1597	92.828876
1598	92.887740
1599	92.946605
1600	93.005469
1601	93.064333
1602	93.123197
1603	93.182062
1604	93.240926
1605	93.299790
1606	93.358654
1607	93.417518
1608	93.476383
1609	93.535247
1610	93.594111
1611	93.652975
1612	93.711840
1613	93.770704
1614	93.829568
1615	93.888432
1616	93.947296
1617	94.006161
1618	94.065025
1619	94.123889
1620	94.182753
1621	94.241618
1622	94.300482
1623	94.359346
1624	94.418210
1625	94.477074
1626	94.535939
1627	94.594803
1628	94.653667
1629	94.712531
1630	94.771395
1631	94.830260
1632	94.889124
1633	94.947988
1634	95.006852
1635	95.065717
1636	95.124581
1637	95.183445
1638	95.242309
1639	95.301173
1640	95.360038
1641	95.418902
1642	95.477766
1643	95.536630
1644	95.595495
1645	95.654359
1646	95.713223
1647	95.772087
1648	95.830951
1649	95.889816
1650	95.948680
1651	96.007544
1652	96.066408
1653	96.125273
1654	96.184137
1655	96.243001
1656	96.301865
1657	96.360729
1658	96.419594
1659	96.478458
1660	96.537322
1661	96.596186
1662	96.655051
1663	96.713915
1664	96.772779
1665	96.831643
1666	96.890507
1667	96.949372
1668	97.008236
1669	97.067100
1670	97.125964
1671	97.184829
1672	97.243693
1673	97.302557
1674	97.361421
1675	97.420285
1676	97.479150
1677	97.538014
1678	97.596878
1679	97.655742
1680	97.714607
1681	97.773471
1682	97.832335
1683	97.891199
1684	97.950063
1685	98.008928
1686	98.067792
1687	98.126656
1688	98.185520
1689	98.244385
1690	98.303249
1691	98.362113
1692	98.420977
1693	98.479841
1694	98.538706
1695	98.597570
1696	98.656434
1697	98.715298
1698	98.774163
1699	98.833027
1700	98.891891
1701	98.950755
1702	99.009619
1703	99.068484
1704	99.127348
1705	99.186212
1706	99.245076
1707	99.303940
1708	99.362805
1709	99.421669
1710	99.480533
1711	99.539397
1712	99.598262
1713	99.657126
1714	99.715990
1715	99.774854
1716	99.833718
1717	99.892583
1718	99.951447
1719	100.010311
1720	100.069175
1721	100.128040
1722	100.186904
1723	100.245768
1724	100.304632
1725	100.363496
1726	100.422361
1727	100.481225
1728	100.540089
1729	100.598953
1730	100.657818
1731	100.716682
1732	100.775546
1733	100.834410
1734	100.893274
1735	100.952139
1736	101.011003
1737	101.069867
1738	101.128731
1739	101.187596
1740	101.246460
1741	101.305324
1742	101.364188
1743	101.423052
1744	101.481917
1745	101.540781
1746	101.599645
1747	101.658509
1748	101.717374
1749	101.776238
1750	101.835102
1751	101.893966
1752	101.952830
1753	102.011695
1754	102.070559
1755	102.129423
1756	102.188287
1757	102.247152
1758	102.306016
1759	102.364880
1760	102.423744
1761	102.482608
1762	102.541473
1763	102.600337
1764	102.659201
1765	102.718065
1766	102.776930
1767	102.835794
1768	102.894658
1769	102.953522
1770	103.012386
1771	103.071251
1772	103.130115
1773	103.188979
1774	103.247843
1775	103.306708
1776	103.365572
1777	103.424436
1778	103.483300
1779	103.542164
1780	103.601029
1781	103.659893
1782	103.718757
1783	103.777621
1784	103.836486
1785	103.895350
1786	103.954214
1787	104.013078
1788	104.071942
1789	104.130807
1790	104.189671
1791	104.248535
1792	104.307399
1793	104.366263
1794	104.425128
1795	104.483992
1796	104.542856
1797	104.601720
1798	104.660585
1799	104.719449
1800	104.778313
1801	104.837177
1802	104.896041
1803	104.954906
1804	105.013770
1805	105.072634
1806	105.131498
1807	105.190363
1808	105.249227
1809	105.308091
1810	105.366955
1811	105.425819
1812	105.484684
1813	105.543548
1814	105.602412
1815	105.661276
1816	105.720141
1817	105.779005
1818	105.837869
1819	105.896733
1820	105.955597
1821	106.014462
1822	106.073326
1823	106.132190
1824	106.191054
1825	106.249919
1826	106.308783
1827	106.367647
1828	106.426511
1829	106.485375
1830	106.544240
1831	106.603104
1832	106.661968
1833	106.720832
1834	106.779697
1835	106.838561
1836	106.897425
1837	106.956289
1838	107.015153
1839	107.074018
1840	107.132882
1841	107.191746
1842	107.250610
1843	107.309475
1844	107.368339
1845	107.427203
1846	107.486067
1847	107.544931
1848	107.603796
1849	107.662660
1850	107.721524
1851	107.780388
1852	107.839253
1853	107.898117
1854	107.956981
1855	108.015845
1856	108.074709
1857	108.133574
1858	108.192438
1859	108.251302
1860	108.310166
1861	108.369031
1862	108.427895
1863	108.486759
1864	108.545623
1865	108.604487
1866	108.663352
1867	108.722216
1868	108.781080
1869	108.839944
1870	108.898808
1871	108.957673
1872	109.016537
1873	109.075401
1874	109.134265
1875	109.193130
1876	109.251994
1877	109.310858
1878	109.369722
1879	109.428586
1880	109.487451
1881	109.546315
1882	109.605179
1883	109.664043
1884	109.722908
1885	109.781772
1886	109.840636
1887	109.899500
1888	109.958364
1889	110.017229
1890	110.076093
1891	110.134957
1892	110.193821
1893	110.252686
1894	110.311550
1895	110.370414
1896	110.429278
1897	110.488142
1898	110.547007
1899	110.605871
1900	110.664735
1901	110.723599
1902	110.782464
1903	110.841328
1904	110.900192
1905	110.959056
1906	111.017920
1907	111.076785
1908	111.135649
1909	111.194513
1910	111.253377
1911	111.312242
1912	111.371106
1913	111.429970
1914	111.488834
1915	111.547698
1916	111.606563
1917	111.665427
1918	111.724291
1919	111.783155
1920	111.842020
1921	111.900884
1922	111.959748
1923	112.018612
1924	112.077476
1925	112.136341
1926	112.195205
1927	112.254069
1928	112.312933
1929	112.371798
1930	112.430662
1931	112.489526
1932	112.548390
1933	112.607254
1934	112.666119
1935	112.724983
1936	112.783847
1937	112.842711
1938	112.901576
1939	112.960440
1940	113.019304
1941	113.078168
1942	113.137032
1943	113.195897
1944	113.254761
1945	113.313625
1946	113.372489
1947	113.431354
1948	113.490218
1949	113.549082
1950	113.607946
1951	113.666810
1952	113.725675
1953	113.784539
1954	113.843403
1955	113.902267
1956	113.961131
1957	114.019996
1958	114.078860
1959	114.137724
1960	114.196588
1961	114.255453
1962	114.314317
1963	114.373181
1964	114.432045
1965	114.490909
1966	114.549774
1967	114.608638
1968	114.667502
1969	114.726366
1970	114.785231
1971	114.844095
1972	114.902959
1973	114.961823
1974	115.020687
1975	115.079552
1976	115.138416
1977	115.197280
1978	115.256144
1979	115.315009
1980	115.373873
1981	115.432737
1982	115.491601
1983	115.550465
1984	115.609330
1985	115.668194
1986	115.727058
1987	115.785922
1988	115.844787
1989	115.903651
1990	115.962515
1991	116.021379
1992	116.080243
1993	116.139108
1994	116.197972
1995	116.256836
1996	116.315700
1997	116.374565
1998	116.433429
1999	116.492293
2000	116.551157
2001	116.610021
2002	116.668886
2003	116.727750
2004	116.786614
2005	116.845478
2006	116.904343
2007	116.963207
2008	117.022071
2009	117.080935
2010	117.139799
2011	117.198664
2012	117.257528
2013	117.316392
2014	117.375256
2015	117.434121
2016	117.492985
2017	117.551849
2018	117.610713
2019	117.669577
2020	117.728442
2021	117.787306
2022	117.846170
2023	117.905034
2024	117.963899
2025	118.022763
2026	118.081627
2027	118.140491
2028	118.199355
2029	118.258220
2030	118.317084
2031	118.375948
2032	118.434812
2033	118.493677
2034	118.552541
2035	118.611405
2036	118.670269
2037	118.729133
2038	118.787998
2039	118.846862
2040	118.905726
2041	118.964590
2042	119.023454
2043	119.082319
2044	119.141183
2045	119.200047
2046	119.258911
2047	119.317776
