0	-1.176627
1	-1.117796
2	-1.058965
3	-1.000133
4	-0.941302
5	-0.882470
6	-0.823639
7	-0.764808
8	-0.705976
9	-0.647145
10	-0.588314
11	-0.529482
12	-0.470651
13	-0.411820
14	-0.352988
15	-0.294157
16	-0.235326
17	-0.176494
18	-0.117663
19	-0.058832
20	0.000000
21	0.058831
22	0.117662
23	0.176494
24	0.235325
25	0.294156
26	0.352988
27	0.411819
28	0.470651
29	0.529482
30	0.588313
31	0.647145
32	0.705976
33	0.764807
34	0.823639
35	0.882470
36	0.941301
37	1.000133
38	1.058964
39	1.117795
40	1.176627
41	1.235458
42	1.294289
43	1.353121
44	1.411952
45	1.470783
46	1.529615
47	1.588446
48	1.647278
49	1.706109
50	1.764940
51	1.823772
52	1.882603
53	1.941434
54	2.000266
55	2.059097
56	2.117928
57	2.176760
58	2.235591
59	2.294422
60	2.353254
61	2.412085
62	2.470916
63	2.529748
64	2.588579
65	2.647410
66	2.706242
67	2.765073
68	2.823904
69	2.882736
70	2.941567
71	3.000399
72	3.059230
73	3.118061
74	3.176893
75	3.235724
76	3.294555
77	3.353387
78	3.412218
79	3.471049
80	3.529881
81	3.588712
82	3.647543
83	3.706375
84	3.765206
85	3.824037
86	3.882869
87	3.941700
88	4.000531
89	4.059363
90	4.118194
91	4.177025
92	4.235857
93	4.294688
94	4.353520
95	4.412351
96	4.471182
97	4.530014
98	4.588845
99	4.647676
100	4.706508
101	4.765339
102	4.824170
103	4.883002
104	4.941833
105	5.000664
106	5.059496
107	5.118327
108	5.177158
109	5.235990
110	5.294821
111	5.353652
112	5.412484
113	5.471315
114	5.530146
115	5.588978
116	5.647809
117	5.706641
118	5.765472
119	5.824303
120	5.883135
121	5.941966
122	6.000797
123	6.059629
124	6.118460
125	6.177291
126	6.236123
127	6.294954
128	6.353785
129	6.412617
130	6.471448
131	6.530279
132	6.589111
133	6.647942
134	6.706773
135	6.765605
136	6.824436
137	6.883268
138	6.942099
139	7.000930
140	7.059762
141	7.118593
142	7.177424
143	7.236256
144	7.295087
145	7.353918
146	7.412750
147	7.471581
148	7.530412
149	7.589244
150	7.648075
151	7.706906
152	7.765738
153	7.824569
154	7.883400
155	7.942232
156	8.001063
157	8.059894
158	8.118726
159	8.177557
160	8.236389
161	8.295220
162	8.354051
163	8.412883
164	8.471714
165	8.530545
166	8.589377
167	8.648208
168	8.707039
169	8.765871
170	8.824702
171	8.883533
172	8.942365
173	9.001196
174	9.060027
175	9.118859
176	9.177690
177	9.236521
178	9.295353
179	9.354184
180	9.413015
181	9.471847
182	9.530678
183	9.589510
184	9.648341
185	9.707172
186	9.766004
187	9.824835
188	9.883666
189	9.942498
190	10.001329
191	10.060160
192	10.118992
193	10.177823
194	10.236654
195	10.295486
196	10.354317
197	10.413148
198	10.471980
199	10.530811
200	10.589642
201	10.648474
202	10.707305
203	10.766136
204	10.824968
205	10.883799
206	10.942631
207	11.001462
208	11.060293
209	11.119125
210	11.177956
211	11.236787
212	11.295619
213	11.354450
214	11.413281
215	11.472113
216	11.530944
217	11.589775
218	11.648607
219	11.707438
220	11.766269
221	11.825101
222	11.883932
223	11.942763
224	12.001595
225	12.060426
226	12.119258
227	12.178089
228	12.236920
229	12.295752
230	12.354583
231	12.413414
232	12.472246
233	12.531077
234	12.589908
235	12.648740
236	12.707571
237	12.766402
238	12.825234
239	12.884065
240	12.942896
241	13.001728
242	13.060559
243	13.119390
244	13.178222
245	13.237053
246	13.295884
247	13.354716
248	13.413547
249	13.472379
250	13.531210
251	13.590041
252	13.648873
253	13.707704
254	13.766535
255	13.825367
256	13.884198
257	13.943029
258	14.001861
259	14.060692
260	14.119523
261	14.178355
262	14.237186
263	14.296017
264	14.354849
265	14.413680
266	14.472511
267	14.531343
268	14.590174
269	14.649005
270	14.707837
271	14.766668
272	14.825500
273	14.884331
274	14.943162
275	15.001994
276	15.060825
277	15.119656
278	15.178488
279	15.237319
280	15.296150
281	15.354982
282	15.413813
283	15.472644
284	15.531476
285	15.590307
286	15.649138
287	15.707970
288	15.766801
289	15.825632
290	15.884464
291	15.943295
292	16.002126
293	16.060958
294	16.119789
295	16.178621
296	16.237452
297	16.296283
298	16.355115
299	16.413946
300	16.472777
301	16.531609
302	16.590440
303	16.649271
304	16.708103
305	16.766934
306	16.825765
307	16.884597
308	16.943428
309	17.002259
310	17.061091
311	17.119922
312	17.178753
313	17.237585
314	17.296416
315	17.355247
316	17.414079
317	17.472910
318	17.531742
319	17.590573
320	17.649404
321	17.708236
322	17.767067
323	17.825898
324	17.884730
325	17.943561
326	18.002392
327	18.061224
328	18.120055
329	18.178886
330	18.237718
331	18.296549
332	18.355380
333	18.414212
334	18.473043
335	18.531874
336	18.590706
337	18.649537
338	18.708369
339	18.767200
340	18.826031
341	18.884863
342	18.943694
343	19.002525
344	19.061357
345	19.120188
346	19.179019
347	19.237851
348	19.296682
349	19.355513
350	19.414345
351	19.473176
352	19.532007
353	19.590839
354	19.649670
355	19.708501
356	19.767333
357	19.826164
358	19.884995
359	19.943827
360	20.002658
361	20.061490
362	20.120321
363	20.179152
364	20.237984
365	20.296815
366	20.355646
367	20.414478
368	20.473309
369	20.532140
370	20.590972
371	20.649803
372	20.708634
373	20.767466
374	20.826297
375	20.885128
376	20.943960
377	21.002791
378	21.061622
379	21.120454
380	21.179285
381	21.238116
382	21.296948
383	21.355779
384	21.414611
385	21.473442
386	21.532273
387	21.591105
388	21.649936
389	21.708767
390	21.767599
391	21.826430
392	21.885261
393	21.944093
394	22.002924
395	22.061755
396	22.120587
397	22.179418
398	22.238249
399	22.297081
400	22.355912
401	22.414743
402	22.473575
403	22.532406
404	22.591237
405	22.650069
406	22.708900
407	22.767732
408	22.826563
409	22.885394
410	22.944226
411	23.003057
412	23.061888
413	23.120720
414	23.179551
415	23.238382
416	23.297214
417	23.356045
418	23.414876
419	23.473708
420	23.532539
421	23.591370
422	23.650202
423	23.709033
424	23.767864
425	23.826696
426	23.885527
427	23.944359
428	24.003190
429	24.062021
430	24.120853
431	24.179684
432	24.238515
433	24.297347
434	24.356178
435	24.415009
436	24.473841
437	24.532672
438	24.591503
439	24.650335
440	24.709166
441	24.767997
442	24.826829
443	24.885660
444	24.944491
445	25.003323
446	25.062154
447	25.120985
448	25.179817
449	25.238648
450	25.297480
451	25.356311
452	25.415142
453	25.473974
454	25.532805
455	25.591636
456	25.650468
457	25.709299
458	25.768130
459	25.826962
460	25.885793
461	25.944624
462	26.003456
463	26.062287
464	26.121118
465	26.179950
466	26.238781
467	26.297612
468	26.356444
469	26.415275
470	26.474106
471	26.532938
472	26.591769
473	26.650601
474	26.709432
475	26.768263
476	26.827095
477	26.885926
478	26.944757
479	27.003589
480	27.062420
481	27.121251
482	27.180083
483	27.238914
484	27.297745
485	27.356577
486	27.415408
487	27.474239
488	27.533071
489	27.591902
490	27.650733
491	27.709565
492	27.768396
493	27.827227
494	27.886059
495	27.944890
496	28.003722
497	28.062553
498	28.121384
499	28.180216
500	28.239047
501	28.297878
502	28.356710
503	28.415541
504	28.474372
505	28.533204
506	28.592035
507	28.650866
508	28.709698
509	28.768529
510	28.827360
511	28.886192
512	28.945023
513	29.003854
514	29.062686
515	29.121517
516	29.180349
517	29.239180
518	29.298011
519	29.356843
520	29.415674
521	29.474505
522	29.533337
523	29.592168
524	29.650999
525	29.709831
526	29.768662
527	29.827493
528	29.886325
529	29.945156
530	30.003987
531	30.062819
532	30.121650
533	30.180481
534	30.239313
535	30.298144
536	30.356975
537	30.415807
538	30.474638
539	30.533470
540	30.592301
541	30.651132
542	30.709964
543	30.768795
544	30.827626
545	30.886458
546	30.945289
547	31.004120
548	31.062952
549	31.121783
550	31.180614
551	31.239446
552	31.298277
553	31.357108
554	31.415940
555	31.474771
556	31.533602
557	31.592434
558	31.651265
559	31.710096
560	31.768928
561	31.827759
562	31.886591
563	31.945422
564	32.004253
565	32.063085
566	32.121916
567	32.180747
568	32.239579
569	32.298410
570	32.357241
571	32.416073
572	32.474904
573	32.533735
574	32.592567
575	32.651398
576	32.710229
577	32.769061
578	32.827892
579	32.886723
580	32.945555
581	33.004386
582	33.063217
583	33.122049
584	33.180880
585	33.239712
586	33.298543
587	33.357374
588	33.416206
589	33.475037
590	33.533868
591	33.592700
592	33.651531
593	33.710362
594	33.769194
595	33.828025
596	33.886856
597	33.945688
598	34.004519
599	34.063350
600	34.122182
601	34.181013
602	34.239844
603	34.298676
604	34.357507
605	34.416339
606	34.475170
607	34.534001
608	34.592833
609	34.651664
610	34.710495
611	34.769327
612	34.828158
613	34.886989
614	34.945821
615	35.004652
616	35.063483
617	35.122315
618	35.181146
619	35.239977
620	35.298809
621	35.357640
622	35.416471
623	35.475303
624	35.534134
625	35.592965
626	35.651797
627	35.710628
628	35.769460
629	35.828291
630	35.887122
631	35.945954
632	36.004785
633	36.063616
634	36.122448
635	36.181279
636	36.240110
637	36.298942
638	36.357773
639	36.416604
640	36.475436
641	36.534267
642	36.593098
643	36.651930
644	36.710761
645	36.769592
646	36.828424
647	36.887255
648	36.946086
649	37.004918
650	37.063749
651	37.122581
652	37.181412
653	37.240243
654	37.299075
655	37.357906
656	37.416737
657	37.475569
658	37.534400
659	37.593231
660	37.652063
661	37.710894
662	37.769725
663	37.828557
664	37.887388
665	37.946219
666	38.005051
667	38.063882
668	38.122713
669	38.181545
670	38.240376
671	38.299207
672	38.358039
673	38.416870
674	38.475702
675	38.534533
676	38.593364
677	38.652196
678	38.711027
679	38.769858
680	38.828690
681	38.887521
682	38.946352
683	39.005184
684	39.064015
685	39.122846
686	39.181678
687	39.240509
688	39.299340
689	39.358172
690	39.417003
691	39.475834
692	39.534666
693	39.593497
694	39.652329
695	39.711160
696	39.769991
697	39.828823
698	39.887654
699	39.946485
700	40.005317
701	40.064148
702	40.122979
703	40.181811
704	40.240642
705	40.299473
706	40.358305
707	40.417136
708	40.475967
709	40.534799
710	40.593630
711	40.652461
712	40.711293
713	40.770124
714	40.828955
715	40.887787
716	40.946618
717	41.005450
718	41.064281
719	41.123112
720	41.181944
721	41.240775
722	41.299606
723	41.358438
724	41.417269
725	41.476100
726	41.534932
727	41.593763
728	41.652594
729	41.711426
730	41.770257
731	41.829088
732	41.887920
733	41.946751
734	42.005582
735	42.064414
736	42.123245
737	42.182076
738	42.240908
739	42.299739
740	42.358571
741	42.417402
742	42.476233
743	42.535065
744	42.593896
745	42.652727
746	42.711559
747	42.770390
748	42.829221
749	42.888053
750	42.946884
751	43.005715
752	43.064547
753	43.123378
754	43.182209
755	43.241041
756	43.299872
757	43.358703
758	43.417535
759	43.476366
760	43.535197
761	43.594029
762	43.652860
763	43.711692
764	43.770523
765	43.829354
766	43.888186
767	43.947017
768	44.005848
769	44.064680
770	44.123511
771	44.182342
772	44.241174
773	44.300005
774	44.358836
775	44.417668
776	44.476499
777	44.535330
778	44.594162
779	44.652993
780	44.711824
781	44.770656
782	44.829487
783	44.888319
784	44.947150
785	45.005981
786	45.064813
787	45.123644
788	45.182475
789	45.241307
790	45.300138
791	45.358969
792	45.417801
793	45.476632
794	45.535463
795	45.594295
796	45.653126
797	45.711957
798	45.770789
799	45.829620
800	45.888451
801	45.947283
802	46.006114
803	46.064945
804	46.123777
805	46.182608
806	46.241440
807	46.300271
808	46.359102
809	46.417934
810	46.476765
811	46.535596
812	46.594428
813	46.653259
814	46.712090
815	46.770922
816	46.829753
817	46.888584
818	46.947416
819	47.006247
820	47.065078
821	47.123910
822	47.182741
823	47.241572
824	47.300404
825	47.359235
826	47.418066
827	47.476898
828	47.535729
829	47.594561
830	47.653392
831	47.712223
832	47.771055
833	47.829886
834	47.888717
835	47.947549
836	48.006380
837	48.065211
838	48.124043
839	48.182874
840	48.241705
841	48.300537
842	48.359368
843	48.418199
844	48.477031
845	48.535862
846	48.594693
847	48.653525
848	48.712356
849	48.771187
850	48.830019
851	48.888850
852	48.947682
853	49.006513
854	49.065344
855	49.124176
856	49.183007
857	49.241838
858	49.300670
859	49.359501
860	49.418332
861	49.477164
862	49.535995
863	49.594826
864	49.653658
865	49.712489
866	49.771320
867	49.830152
868	49.888983
869	49.947814
870	50.006646
871	50.065477
872	50.124309
873	50.183140
874	50.241971
875	50.300803
876	50.359634
877	50.418465
878	50.477297
879	50.536128
880	50.594959
881	50.653791
882	50.712622
883	50.771453
884	50.830285
885	50.889116
886	50.947947
887	51.006779
888	51.065610
889	51.124441
890	51.183273
891	51.242104
892	51.300935
893	51.359767
894	51.418598
895	51.477430
896	51.536261
897	51.595092
898	51.653924
899	51.712755
900	51.771586
901	51.830418
902	51.889249
903	51.948080
904	52.006912
905	52.065743
906	52.124574
907	52.183406
908	52.242237
909	52.301068
910	52.359900
911	52.418731
912	52.477562
913	52.536394
914	52.595225
915	52.654056
916	52.712888
917	52.771719
918	52.830551
919	52.889382
920	52.948213
921	53.007045
922	53.065876
923	53.124707
924	53.183539
925	53.242370
926	53.301201
927	53.360033
928	53.418864
929	53.477695
930	53.536527
931	53.595358
932	53.654189
933	53.713021
934	53.771852
935	53.830683
936	53.889515
937	53.948346
938	54.007177
939	54.066009
940	54.124840
941	54.183672
942	54.242503
943	54.301334
944	54.360166
945	54.418997
946	54.477828
947	54.536660
948	54.595491
949	54.654322
950	54.713154
951	54.771985
952	54.830816
953	54.889648
954	54.948479
955	55.007310
956	55.066142
957	55.124973
958	55.183804
959	55.242636
960	55.301467
961	55.360299
962	55.419130
963	55.477961
964	55.536793
965	55.595624
966	55.654455
967	55.713287
968	55.772118
969	55.830949
970	55.889781
971	55.948612
972	56.007443
973	56.066275
974	56.125106
975	56.183937
976	56.242769
977	56.301600
978	56.360431
979	56.419263
980	56.478094
981	56.536925
982	56.595757
983	56.654588
984	56.713420
985	56.772251
986	56.831082
987	56.889914
988	56.948745
989	57.007576
990	57.066408
991	57.125239
992	57.184070
993	57.242902
994	57.301733
995	57.360564
996	57.419396
997	57.478227
998	57.537058
999	57.595890
1000	57.654721
1001	57.713552
1002	57.772384
1003	57.831215
1004	57.890046
1005	57.948878
1006	58.007709
1007	58.066541
1008	58.125372
1009	58.184203
1010	58.243035
1011	58.301866
1012	58.360697
1013	58.419529
1014	58.478360
1015	58.537191
1016	58.596023
1017	58.654854
1018	58.713685
1019	58.772517
1020	58.831348
1021	58.890179
1022	58.949011
1023	59.007842
1024	59.066673
1025	59.125505
1026	59.184336
1027	59.243167
1028	59.301999
1029	59.360830
1030	59.419662
1031	59.478493
1032	59.537324
1033	59.596156
1034	59.654987
1035	59.713818
1036	59.772650
1037	59.831481
1038	59.890312
1039	59.949144
1040	60.007975
1041	60.066806
1042	60.125638
1043	60.184469
1044	60.243300
1045	60.302132
1046	60.360963
1047	60.419794
1048	60.478626
1049	60.537457
1050	60.596289
1051	60.655120
1052	60.713951
1053	60.772783
1054	60.831614
1055	60.890445
1056	60.949277
1057	61.008108
1058	61.066939
1059	61.125771
1060	61.184602
1061	61.243433
1062	61.302265
1063	61.361096
1064	61.419927
1065	61.478759
1066	61.537590
1067	61.596421
1068	61.655253
1069	61.714084
1070	61.772915
1071	61.831747
1072	61.890578
1073	61.949410
1074	62.008241
1075	62.067072
1076	62.125904
1077	62.184735
1078	62.243566
1079	62.302398
1080	62.361229
1081	62.420060
1082	62.478892
1083	62.537723
1084	62.596554
1085	62.655386
1086	62.714217
1087	62.773048
1088	62.831880
1089	62.890711
1090	62.949542
1091	63.008374
1092	63.067205
1093	63.126036
1094	63.184868
1095	63.243699
1096	63.302531
1097	63.361362
1098	63.420193
1099	63.479025
1100	63.537856
1101	63.596687
1102	63.655519
1103	63.714350
1104	63.773181
1105	63.832013
1106	63.890844
1107	63.949675
1108	64.008507
1109	64.067338
1110	64.126169
1111	64.185001
1112	64.243832
1113	64.302663
1114	64.361495
1115	64.420326
1116	64.479157
1117	64.537989
1118	64.596820
1119	64.655652
1120	64.714483
1121	64.773314
1122	64.832146
1123	64.890977
1124	64.949808
1125	65.008640
1126	65.067471
1127	65.126302
1128	65.185134
1129	65.243965
1130	65.302796
1131	65.361628
1132	65.420459
1133	65.479290
1134	65.538122
1135	65.596953
1136	65.655784
1137	65.714616
1138	65.773447
1139	65.832279
1140	65.891110
1141	65.949941
1142	66.008773
1143	66.067604
1144	66.126435
1145	66.185267
1146	66.244098
1147	66.302929
1148	66.361761
1149	66.420592
1150	66.479423
1151	66.538255
1152	66.597086
1153	66.655917
1154	66.714749
1155	66.773580
1156	66.832411
1157	66.891243
1158	66.950074
1159	67.008905
1160	67.067737
1161	67.126568
1162	67.185400
1163	67.244231
1164	67.303062
1165	67.361894
1166	67.420725
1167	67.479556
1168	67.538388
1169	67.597219
1170	67.656050
1171	67.714882
1172	67.773713
1173	67.832544
1174	67.891376
1175	67.950207
1176	68.009038
1177	68.067870
1178	68.126701
1179	68.185532
1180	68.244364
1181	68.303195
1182	68.362026
1183	68.420858
1184	68.479689
1185	68.538521
1186	68.597352
1187	68.656183
1188	68.715015
1189	68.773846
1190	68.832677
1191	68.891509
1192	68.950340
1193	69.009171
1194	69.068003
1195	69.126834
1196	69.185665
1197	69.244497
1198	69.303328
1199	69.362159
1200	69.420991
1201	69.479822
1202	69.538653
1203	69.597485
1204	69.656316
1205	69.715147
1206	69.773979
1207	69.832810
1208	69.891642
1209	69.950473
1210	70.009304
1211	70.068136
1212	70.126967
1213	70.185798
1214	70.244630
1215	70.303461
1216	70.362292
1217	70.421124
1218	70.479955
1219	70.538786
1220	70.597618
1221	70.656449
1222	70.715280
1223	70.774112
1224	70.832943
1225	70.891774
1226	70.950606
1227	71.009437
1228	71.068269
1229	71.127100
1230	71.185931
1231	71.244763
1232	71.303594
1233	71.362425
1234	71.421257
1235	71.480088
1236	71.538919
1237	71.597751
1238	71.656582
1239	71.715413
1240	71.774245
1241	71.833076
1242	71.891907
1243	71.950739
1244	72.009570
1245	72.068401
1246	72.127233
1247	72.186064
1248	72.244895
1249	72.303727
1250	72.362558
1251	72.421390
1252	72.480221
1253	72.539052
1254	72.597884
1255	72.656715
1256	72.715546
1257	72.774378
1258	72.833209
1259	72.892040
1260	72.950872
1261	73.009703
1262	73.068534
1263	73.127366
1264	73.186197
1265	73.245028
1266	73.303860
1267	73.362691
1268	73.421522
1269	73.480354
1270	73.539185
1271	73.598016
1272	73.656848
1273	73.715679
1274	73.774511
1275	73.833342
1276	73.892173
1277	73.951005
1278	74.009836
1279	74.068667
1280	74.127499
1281	74.186330
1282	74.245161
1283	74.303993
1284	74.362824
1285	74.421655
1286	74.480487
1287	74.539318
1288	74.598149
1289	74.656981
1290	74.715812
1291	74.774643
1292	74.833475
1293	74.892306
1294	74.951137
1295	75.009969
1296	75.068800
1297	75.127632
1298	75.186463
1299	75.245294
1300	75.304126
1301	75.362957
1302	75.421788
1303	75.480620
1304	75.539451
1305	75.598282
1306	75.657114
1307	75.715945
1308	75.774776
1309	75.833608
1310	75.892439
1311	75.951270
1312	76.010102
1313	76.068933
1314	76.127764
1315	76.186596
1316	76.245427
1317	76.304259
1318	76.363090
1319	76.421921
1320	76.480753
1321	76.539584
1322	76.598415
1323	76.657247
1324	76.716078
1325	76.774909
1326	76.833741
1327	76.892572
1328	76.951403
1329	77.010235
1330	77.069066
1331	77.127897
1332	77.186729
1333	77.245560
1334	77.304391
1335	77.363223
1336	77.422054
1337	77.480885
1338	77.539717
1339	77.598548
1340	77.657380
1341	77.716211
1342	77.775042
1343	77.833874
1344	77.892705
1345	77.951536
1346	78.010368
1347	78.069199
1348	78.128030
1349	78.186862
1350	78.245693
1351	78.304524
1352	78.363356
1353	78.422187
1354	78.481018
1355	78.539850
1356	78.598681
1357	78.657512
1358	78.716344
1359	78.775175
1360	78.834006
1361	78.892838
1362	78.951669
1363	79.010501
1364	79.069332
1365	79.128163
1366	79.186995
1367	79.245826
1368	79.304657
1369	79.363489
1370	79.422320
1371	79.481151
1372	79.539983
1373	79.598814
1374	79.657645
1375	79.716477
1376	79.775308
1377	79.834139
1378	79.892971
1379	79.951802
1380	80.010633
1381	80.069465
1382	80.128296
1383	80.187127
1384	80.245959
1385	80.304790
1386	80.363622
1387	80.422453
1388	80.481284
1389	80.540116
1390	80.598947
1391	80.657778
1392	80.716610
1393	80.775441
1394	80.834272
1395	80.893104
1396	80.951935
1397	81.010766
1398	81.069598
1399	81.128429
1400	81.187260
1401	81.246092
1402	81.304923
1403	81.363754
1404	81.422586
1405	81.481417
1406	81.540249
1407	81.599080
1408	81.657911
1409	81.716743
1410	81.775574
1411	81.834405
1412	81.893237
1413	81.952068
1414	82.010899
1415	82.069731
1416	82.128562
1417	82.187393
1418	82.246225
1419	82.305056
1420	82.363887
1421	82.422719
1422	82.481550
1423	82.540381
1424	82.599213
1425	82.658044
1426	82.716875
1427	82.775707
1428	82.834538
1429	82.893370
1430	82.952201
1431	83.011032
1432	83.069864
1433	83.128695
1434	83.187526
1435	83.246358
1436	83.305189
1437	83.364020
1438	83.422852
1439	83.481683
1440	83.540514
1441	83.599346
1442	83.658177
1443	83.717008
1444	83.775840
1445	83.834671
1446	83.893502
1447	83.952334
1448	84.011165
1449	84.069996
1450	84.128828
1451	84.187659
1452	84.246491
1453	84.305322
1454	84.364153
1455	84.422985
1456	84.481816
1457	84.540647
1458	84.599479
1459	84.658310
1460	84.717141
1461	84.775973
1462	84.834804
1463	84.893635
1464	84.952467
1465	85.011298
1466	85.070129
1467	85.128961
1468	85.187792
1469	85.246623
1470	85.305455
1471	85.364286
1472	85.423117
1473	85.481949
1474	85.540780
1475	85.599612
1476	85.658443
1477	85.717274
1478	85.776106
1479	85.834937
1480	85.893768
1481	85.952600
1482	86.011431
1483	86.070262
1484	86.129094
1485	86.187925
1486	86.246756
1487	86.305588
1488	86.364419
1489	86.423250
1490	86.482082
1491	86.540913
1492	86.599744
1493	86.658576
1494	86.717407
1495	86.776239
1496	86.835070
1497	86.893901
1498	86.952733
1499	87.011564
1500	87.070395
1501	87.129227
1502	87.188058
1503	87.246889
1504	87.305721
1505	87.364552
1506	87.423383
1507	87.482215
1508	87.541046
1509	87.599877
1510	87.658709
1511	87.717540
1512	87.776371
1513	87.835203
1514	87.894034
1515	87.952865
1516	88.011697
1517	88.070528
1518	88.129360
1519	88.188191
1520	88.247022
1521	88.305854
1522	88.364685
1523	88.423516
1524	88.482348
1525	88.541179
1526	88.600010
1527	88.658842
1528	88.717673
1529	88.776504
1530	88.835336
1531	88.894167
1532	88.952998
1533	89.011830
1534	89.070661
1535	89.129492
1536	89.188324
1537	89.247155
1538	89.305986
1539	89.364818
1540	89.423649
1541	89.482481
1542	89.541312
1543	89.600143
1544	89.658975
1545	89.717806
1546	89.776637
1547	89.835469
1548	89.894300
1549	89.953131
1550	90.011963
1551	90.070794
1552	90.129625
1553	90.188457
1554	90.247288
1555	90.306119
1556	90.364951
1557	90.423782
1558	90.482613
1559	90.541445
1560	90.600276
1561	90.659107
1562	90.717939
1563	90.776770
1564	90.835602
1565	90.894433
1566	90.953264
1567	91.012096
1568	91.070927
1569	91.129758
1570	91.188590
1571	91.247421
1572	91.306252
1573	91.365084
1574	91.423915
1575	91.482746
1576	91.541578
1577	91.600409
1578	91.659240
1579	91.718072
1580	91.776903
1581	91.835734
1582	91.894566
1583	91.953397
1584	92.012228
1585	92.071060
1586	92.129891
1587	92.188723
1588	92.247554
1589	92.306385
1590	92.365217
1591	92.424048
1592	92.482879
1593	92.541711
1594	92.600542
1595	92.659373
1596	92.718205
1597	92.777036
1598	92.835867
1599	92.894699
1600	92.953530
1601	93.012361
1602	93.071193
1603	93.130024
1604	93.188855
1605	93.247687
1606	93.306518
1607	93.365350
1608	93.424181
1609	93.483012
1610	93.541844
1611	93.600675
1612	93.659506
1613	93.718338
1614	93.777169
1615	93.836000
1616	93.894832
1617	93.953663
1618	94.012494
1619	94.071326
1620	94.130157
1621	94.188988
1622	94.247820
1623	94.306651
1624	94.365482
1625	94.424314
1626	94.483145
1627	94.541976
1628	94.600808
1629	94.659639
1630	94.718471
1631	94.777302
1632	94.836133
1633	94.894965
1634	94.953796
1635	95.012627
1636	95.071459
1637	95.130290
1638	95.189121
1639	95.247953
1640	95.306784
1641	95.365615
1642	95.424447
1643	95.483278
1644	95.542109
1645	95.600941
1646	95.659772
1647	95.718603
1648	95.777435
1649	95.836266
1650	95.895097
1651	95.953929
1652	96.012760
1653	96.071592
1654	96.130423
1655	96.189254
1656	96.248086
1657	96.306917
1658	96.365748
1659	96.424580
1660	96.483411
1661	96.542242
1662	96.601074
1663	96.659905
1664	96.718736
1665	96.777568
1666	96.836399
1667	96.895230
1668	96.954062
1669	97.012893
1670	97.071724
1671	97.130556
1672	97.189387
1673	97.248218
1674	97.307050
1675	97.365881
1676	97.424713
1677	97.483544
1678	97.542375
1679	97.601207
1680	97.660038
1681	97.718869
1682	97.777701
1683	97.836532
1684	97.895363
1685	97.954195
1686	98.013026
1687	98.071857
1688	98.130689
1689	98.189520
1690	98.248351
1691	98.307183
1692	98.366014
1693	98.424845
1694	98.483677
1695	98.542508
1696	98.601340
1697	98.660171
1698	98.719002
1699	98.777834
1700	98.836665
1701	98.895496
1702	98.954328
1703	99.013159
1704	99.071990
1705	99.130822
1706	99.189653
1707	99.248484
1708	99.307316
1709	99.366147
1710	99.424978
1711	99.483810
1712	99.542641
1713	99.601472
1714	99.660304
1715	99.719135
1716	99.777966
1717	99.836798
1718	99.895629
1719	99.954461
1720	100.013292
1721	100.072123
1722	100.130955
1723	100.189786
1724	100.248617
1725	100.307449
1726	100.366280
1727	100.425111
1728	100.483943
1729	100.542774
1730	100.601605
1731	100.660437
1732	100.719268
1733	100.778099
1734	100.836931
1735	100.895762
1736	100.954593
1737	101.013425
1738	101.072256
1739	101.131087
1740	101.189919
1741	101.248750
1742	101.307582
1743	101.366413
1744	101.425244
1745	101.484076
1746	101.542907
1747	101.601738
1748	101.660570
1749	101.719401
1750	101.778232
1751	101.837064
1752	101.895895
1753	101.954726
1754	102.013558
1755	102.072389
1756	102.131220
1757	102.190052
1758	102.248883
1759	102.307714
1760	102.366546
1761	102.425377
1762	102.484208
1763	102.543040
1764	102.601871
1765	102.660703
1766	102.719534
1767	102.778365
1768	102.837197
1769	102.896028
1770	102.954859
1771	103.013691
1772	103.072522
1773	103.131353
1774	103.190185
1775	103.249016
1776	103.307847
1777	103.366679
1778	103.425510
1779	103.484341
1780	103.543173
1781	103.602004
1782	103.660835
1783	103.719667
1784	103.778498
1785	103.837330
1786	103.896161
1787	103.954992
1788	104.013824
1789	104.072655
1790	104.131486
1791	104.190318
1792	104.249149
1793	104.307980
1794	104.366812
1795	104.425643
1796	104.484474
1797	104.543306
1798	104.602137
1799	104.660968
1800	104.719800
1801	104.778631
1802	104.837462
1803	104.896294
1804	104.955125
1805	105.013956
1806	105.072788
1807	105.131619
1808	105.190451
1809	105.249282
1810	105.308113
1811	105.366945
1812	105.425776
1813	105.484607
1814	105.543439
1815	105.602270
1816	105.661101
1817	105.719933
1818	105.778764
1819	105.837595
1820	105.896427
1821	105.955258
1822	106.014089
1823	106.072921
1824	106.131752
1825	106.190583
1826	106.249415
1827	106.308246
1828	106.367077
1829	106.425909
1830	106.484740
1831	106.543572
1832	106.602403
1833	106.661234
1834	106.720066
1835	106.778897
1836	106.837728
1837	106.896560
1838	106.955391
1839	107.014222
1840	107.073054
1841	107.131885
1842	107.190716
1843	107.249548
1844	107.308379
1845	107.367210
1846	107.426042
1847	107.484873
1848	107.543704
1849	107.602536
1850	107.661367
1851	107.720198
1852	107.779030
1853	107.837861
1854	107.896693
1855	107.955524
1856	108.014355
1857	108.073187
1858	108.132018
1859	108.190849
1860	108.249681
1861	108.308512
1862	108.367343
1863	108.426175
1864	108.485006
1865	108.543837
1866	108.602669
1867	108.661500
1868	108.720331
1869	108.779163
1870	108.837994
1871	108.896825
1872	108.955657
1873	109.014488
1874	109.073320
1875	109.132151
1876	109.190982
1877	109.249814
1878	109.308645
1879	109.367476
1880	109.426308
1881	109.485139
1882	109.543970
1883	109.602802
1884	109.661633
1885	109.720464
1886	109.779296
1887	109.838127
1888	109.896958
1889	109.955790
1890	110.014621
1891	110.073452
1892	110.132284
1893	110.191115
1894	110.249946
1895	110.308778
1896	110.367609
1897	110.426441
1898	110.485272
1899	110.544103
1900	110.602935
1901	110.661766
1902	110.720597
1903	110.779429
1904	110.838260
1905	110.897091
1906	110.955923
1907	111.014754
1908	111.073585
1909	111.132417
1910	111.191248
1911	111.250079
1912	111.308911
1913	111.367742
1914	111.426573
1915	111.485405
1916	111.544236
1917	111.603067
1918	111.661899
1919	111.720730
1920	111.779562
1921	111.838393
1922	111.897224
1923	111.956056
1924	112.014887
1925	112.073718
1926	112.132550
1927	112.191381
1928	112.250212
1929	112.309044
1930	112.367875
1931	112.426706
1932	112.485538
1933	112.544369
1934	112.603200
1935	112.662032
1936	112.720863
1937	112.779694
1938	112.838526
1939	112.897357
1940	112.956188
1941	113.015020
1942	113.073851
1943	113.132683
1944	113.191514
1945	113.250345
1946	113.309177
1947	113.368008
1948	113.426839
1949	113.485671
1950	113.544502
1951	113.603333
1952	113.662165
1953	113.720996
1954	113.779827
1955	113.838659
1956	113.897490
1957	113.956321
1958	114.015153
1959	114.073984
1960	114.132815
1961	114.191647
1962	114.250478
1963	114.309310
1964	114.368141
1965	114.426972
1966	114.485804
1967	114.544635
1968	114.603466
1969	114.662298
1970	114.721129
1971	114.779960
1972	114.838792
1973	114.897623
1974	114.956454
1975	115.015286
1976	115.074117
1977	115.132948
1978	115.191780
1979	115.250611
1980	115.309442
1981	115.368274
1982	115.427105
1983	115.485936
1984	115.544768
1985	115.603599
1986	115.662431
1987	115.721262
1988	115.780093
1989	115.838925
1990	115.897756
1991	115.956587
1992	116.015419
1993	116.074250
1994	116.133081
1995	116.191913
1996	116.250744
1997	116.309575
1998	116.368407
1999	116.427238
2000	116.486069
2001	116.544901
2002	116.603732
2003	116.662563
2004	116.721395
2005	116.780226
2006	116.839057
2007	116.897889
2008	116.956720
2009	117.015552
2010	117.074383
2011	117.133214
2012	117.192046
2013	117.250877
2014	117.309708
2015	117.368540
2016	117.427371
2017	117.486202
2018	117.545034
2019	117.603865
2020	117.662696
2021	117.721528
2022	117.780359
2023	117.839190
2024	117.898022
2025	117.956853
2026	118.015684
2027	118.074516
2028	118.133347
2029	118.192178
2030	118.251010
2031	118.309841
2032	118.368673
2033	118.427504
2034	118.486335
2035	118.545167
2036	118.603998
2037	118.662829
2038	118.721661
2039	118.780492
2040	118.839323
2041	118.898155
2042	118.956986
2043	119.015817
2044	119.074649
2045	119.133480
2046	119.192311
2047	119.251143
