0	-1.191533
1	-1.131956
2	-1.072379
3	-1.012803
4	-0.953226
5	-0.893649
6	-0.834073
7	-0.774496
8	-0.714920
9	-0.655343
10	-0.595766
11	-0.536190
12	-0.476613
13	-0.417036
14	-0.357460
15	-0.297883
16	-0.238307
17	-0.178730
18	-0.119153
19	-0.059577
20	0.000000
21	0.059577
22	0.119153
23	0.178730
24	0.238307
25	0.297883
26	0.357460
27	0.417036
28	0.476613
29	0.536190
30	0.595766
31	0.655343
32	0.714920
33	0.774496
34	0.834073
35	0.893649
36	0.953226
37	1.012803
38	1.072379
39	1.131956
40	1.191533
41	1.251109
42	1.310686
43	1.370262
44	1.429839
45	1.489416
46	1.548992
47	1.608569
48	1.668146
49	1.727722
50	1.787299
51	1.846875
52	1.906452
53	1.966029
54	2.025605
55	2.085182
56	2.144759
57	2.204335
58	2.263912
59	2.323489
60	2.383065
61	2.442642
62	2.502218
63	2.561795
64	2.621372
65	2.680948
66	2.740525
67	2.800102
68	2.859678
69	2.919255
70	2.978831
71	3.038408
72	3.097985
73	3.157561
74	3.217138
75	3.276715
76	3.336291
77	3.395868
78	3.455444
79	3.515021
80	3.574598
81	3.634174
82	3.693751
83	3.753328
84	3.812904
85	3.872481
86	3.932057
87	3.991634
88	4.051211
89	4.110787
90	4.170364
91	4.229941
92	4.289517
93	4.349094
94	4.408671
95	4.468247
96	4.527824
97	4.587400
98	4.646977
99	4.706554
100	4.766130
101	4.825707
102	4.885284
103	4.944860
104	5.004437
105	5.064013
106	5.123590
107	5.183167
108	5.242743
109	5.302320
110	5.361897
111	5.421473
112	5.481050
113	5.540626
114	5.600203
115	5.659780
116	5.719356
117	5.778933
118	5.838510
119	5.898086
120	5.957663
121	6.017239
122	6.076816
123	6.136393
124	6.195969
125	6.255546
126	6.315123
127	6.374699
128	6.434276
129	6.493853
130	6.553429
131	6.613006
132	6.672582
133	6.732159
134	6.791736
135	6.851312
136	6.910889
137	6.970466
138	7.030042
139	7.089619
140	7.149195
141	7.208772
142	7.268349
143	7.327925
144	7.387502
145	7.447079
146	7.506655
147	7.566232
148	7.625808
149	7.685385
150	7.744962
151	7.804538
152	7.864115
153	7.923692
154	7.983268
155	8.042845
156	8.102421
157	8.161998
158	8.221575
159	8.281151
160	8.340728
161	8.400305
162	8.459881
163	8.519458
164	8.579035
165	8.638611
166	8.698188
167	8.757764
168	8.817341
169	8.876918
170	8.936494
171	8.996071
172	9.055648
173	9.115224
174	9.174801
175	9.234377
176	9.293954
177	9.353531
178	9.413107
179	9.472684
180	9.532261
181	9.591837
182	9.651414
183	9.710990
184	9.770567
185	9.830144
186	9.889720
187	9.949297
188	10.008874
189	10.068450
190	10.128027
191	10.187603
192	10.247180
193	10.306757
194	10.366333
195	10.425910
196	10.485487
197	10.545063
198	10.604640
199	10.664217
200	10.723793
201	10.783370
202	10.842946
203	10.902523
204	10.962100
205	11.021676
206	11.081253
207	11.140830
208	11.200406
209	11.259983
210	11.319559
211	11.379136
212	11.438713
213	11.498289
214	11.557866
215	11.617443
216	11.677019
217	11.736596
218	11.796172
219	11.855749
220	11.915326
221	11.974902
222	12.034479
223	12.094056
224	12.153632
225	12.213209
226	12.272786
227	12.332362
228	12.391939
229	12.451515
230	12.511092
231	12.570669
232	12.630245
233	12.689822
234	12.749399
235	12.808975
236	12.868552
237	12.928128
238	12.987705
239	13.047282
240	13.106858
241	13.166435
242	13.226012
243	13.285588
244	13.345165
245	13.404741
246	13.464318
247	13.523895
248	13.583471
249	13.643048
250	13.702625
251	13.762201
252	13.821778
253	13.881354
254	13.940931
255	14.000508
256	14.060084
257	14.119661
258	14.179238
259	14.238814
260	14.298391
261	14.357968
262	14.417544
263	14.477121
264	14.536697
265	14.596274
266	14.655851
267	14.715427
268	14.775004
269	14.834581
270	14.894157
271	14.953734
272	15.013310
273	15.072887
274	15.132464
275	15.192040
276	15.251617
277	15.311194
278	15.370770
279	15.430347
280	15.489923
281	15.549500
282	15.609077
283	15.668653
284	15.728230
285	15.787807
286	15.847383
287	15.906960
288	15.966536
289	16.026113
290	16.085690
291	16.145266
292	16.204843
293	16.264420
294	16.323996
295	16.383573
296	16.443150
297	16.502726
298	16.562303
299	16.621879
300	16.681456
301	16.741033
302	16.800609
303	16.860186
304	16.919763
305	16.979339
306	17.038916
307	17.098492
308	17.158069
309	17.217646
310	17.277222
311	17.336799
312	17.396376
313	17.455952
314	17.515529
315	17.575105
316	17.634682
317	17.694259
318	17.753835
319	17.813412
320	17.872989
321	17.932565
322	17.992142
323	18.051718
324	18.111295
325	18.170872
326	18.230448
327	18.290025
328	18.349602
329	18.409178
330	18.468755
331	18.528332
332	18.587908
333	18.647485
334	18.707061
335	18.766638
336	18.826215
337	18.885791
338	18.945368
339	19.004945
340	19.064521
341	19.124098
342	19.183674
343	19.243251
344	19.302828
345	19.362404
346	19.421981
347	19.481558
348	19.541134
349	19.600711
350	19.660287
351	19.719864
352	19.779441
353	19.839017
354	19.898594
355	19.958171
356	20.017747
357	20.077324
358	20.136900
359	20.196477
360	20.256054
361	20.315630
362	20.375207
363	20.434784
364	20.494360
365	20.553937
366	20.613514
367	20.673090
368	20.732667
369	20.792243
370	20.851820
371	20.911397
372	20.970973
373	21.030550
374	21.090127
375	21.149703
376	21.209280
377	21.268856
378	21.328433
379	21.388010
380	21.447586
381	21.507163
382	21.566740
383	21.626316
384	21.685893
385	21.745469
386	21.805046
387	21.864623
388	21.924199
389	21.983776
390	22.043353
391	22.102929
392	22.162506
393	22.222082
394	22.281659
395	22.341236
396	22.400812
397	22.460389
398	22.519966
399	22.579542
400	22.639119
401	22.698696
402	22.758272
403	22.817849
404	22.877425
405	22.937002
406	22.996579
407	23.056155
408	23.115732
409	23.175309
410	23.234885
411	23.294462
412	23.354038
413	23.413615
414	23.473192
415	23.532768
416	23.592345
417	23.651922
418	23.711498
419	23.771075
420	23.830651
421	23.890228
422	23.949805
423	24.009381
424	24.068958
425	24.128535
426	24.188111
427	24.247688
428	24.307265
429	24.366841
430	24.426418
431	24.485994
432	24.545571
433	24.605148
434	24.664724
435	24.724301
436	24.783878
437	24.843454
438	24.903031
439	24.962607
440	25.022184
441	25.081761
442	25.141337
443	25.200914
444	25.260491
445	25.320067
446	25.379644
447	25.439220
448	25.498797
449	25.558374
450	25.617950
451	25.677527
452	25.737104
453	25.796680
454	25.856257
455	25.915833
456	25.975410
457	26.034987
458	26.094563
459	26.154140
460	26.213717
461	26.273293
462	26.332870
463	26.392447
464	26.452023
465	26.511600
466	26.571176
467	26.630753
468	26.690330
469	26.749906
470	26.809483
471	26.869060
472	26.928636
473	26.988213
474	27.047789
475	27.107366
476	27.166943
477	27.226519
478	27.286096
479	27.345673
480	27.405249
481	27.464826
482	27.524402
483	27.583979
484	27.643556
485	27.703132
486	27.762709
487	27.822286
488	27.881862
489	27.941439
490	28.001015
491	28.060592
492	28.120169
493	28.179745
494	28.239322
495	28.298899
496	28.358475
497	28.418052
498	28.477629
499	28.537205
500	28.596782
501	28.656358
502	28.715935
503	28.775512
504	28.835088
505	28.894665
506	28.954242
507	29.013818
508	29.073395
509	29.132971
510	29.192548
511	29.252125
512	29.311701
513	29.371278
514	29.430855
515	29.490431
516	29.550008
517	29.609584
518	29.669161
519	29.728738
520	29.788314
521	29.847891
522	29.907468
523	29.967044
524	30.026621
525	30.086197
526	30.145774
527	30.205351
528	30.264927
529	30.324504
530	30.384081
531	30.443657
532	30.503234
533	30.562811
534	30.622387
535	30.681964
536	30.741540
537	30.801117
538	30.860694
539	30.920270
540	30.979847
541	31.039424
542	31.099000
543	31.158577
544	31.218153
545	31.277730
546	31.337307
547	31.396883
548	31.456460
549	31.516037
550	31.575613
551	31.635190
552	31.694766
553	31.754343
554	31.813920
555	31.873496
556	31.933073
557	31.992650
558	32.052226
559	32.111803
560	32.171379
561	32.230956
562	32.290533
563	32.350109
564	32.409686
565	32.469263
566	32.528839
567	32.588416
568	32.647993
569	32.707569
570	32.767146
571	32.826722
572	32.886299
573	32.945876
574	33.005452
575	33.065029
576	33.124606
577	33.184182
578	33.243759
579	33.303335
580	33.362912
581	33.422489
582	33.482065
583	33.541642
584	33.601219
585	33.660795
586	33.720372
587	33.779948
588	33.839525
589	33.899102
590	33.958678
591	34.018255
592	34.077832
593	34.137408
594	34.196985
595	34.256561
596	34.316138
597	34.375715
598	34.435291
599	34.494868
600	34.554445
601	34.614021
602	34.673598
603	34.733175
604	34.792751
605	34.852328
606	34.911904
607	34.971481
608	35.031058
609	35.090634
610	35.150211
611	35.209788
612	35.269364
613	35.328941
614	35.388517
615	35.448094
616	35.507671
617	35.567247
618	35.626824
619	35.686401
620	35.745977
621	35.805554
622	35.865130
623	35.924707
624	35.984284
625	36.043860
626	36.103437
627	36.163014
628	36.222590
629	36.282167
630	36.341744
631	36.401320
632	36.460897
633	36.520473
634	36.580050
635	36.639627
636	36.699203
637	36.758780
638	36.818357
639	36.877933
640	36.937510
641	36.997086
642	37.056663
643	37.116240
644	37.175816
645	37.235393
646	37.294970
647	37.354546
648	37.414123
649	37.473699
650	37.533276
651	37.592853
652	37.652429
653	37.712006
654	37.771583
655	37.831159
656	37.890736
657	37.950312
658	38.009889
659	38.069466
660	38.129042
661	38.188619
662	38.248196
663	38.307772
664	38.367349
665	38.426926
666	38.486502
667	38.546079
668	38.605655
669	38.665232
670	38.724809
671	38.784385
672	38.843962
673	38.903539
674	38.963115
675	39.022692
676	39.082268
677	39.141845
678	39.201422
679	39.260998
680	39.320575
681	39.380152
682	39.439728
683	39.499305
684	39.558881
685	39.618458
686	39.678035
687	39.737611
688	39.797188
689	39.856765
690	39.916341
691	39.975918
692	40.035494
693	40.095071
694	40.154648
695	40.214224
696	40.273801
697	40.333378
698	40.392954
699	40.452531
700	40.512108
701	40.571684
702	40.631261
703	40.690837
704	40.750414
705	40.809991
706	40.869567
707	40.929144
708	40.988721
709	41.048297
710	41.107874
711	41.167450
712	41.227027
713	41.286604
714	41.346180
715	41.405757
716	41.465334
717	41.524910
718	41.584487
719	41.644063
720	41.703640
721	41.763217
722	41.822793
723	41.882370
724	41.941947
725	42.001523
726	42.061100
727	42.120676
728	42.180253
729	42.239830
730	42.299406
731	42.358983
732	42.418560
733	42.478136
734	42.537713
735	42.597290
736	42.656866
737	42.716443
738	42.776019
739	42.835596
740	42.895173
741	42.954749
742	43.014326
743	43.073903
744	43.133479
745	43.193056
746	43.252632
747	43.312209
748	43.371786
749	43.431362
750	43.490939
751	43.550516
752	43.610092
753	43.669669
754	43.729245
755	43.788822
756	43.848399
757	43.907975
758	43.967552
759	44.027129
760	44.086705
761	44.146282
762	44.205858
763	44.265435
764	44.325012
765	44.384588
766	44.444165
767	44.503742
768	44.563318
769	44.622895
770	44.682472
771	44.742048
772	44.801625
773	44.861201
774	44.920778
775	44.980355
776	45.039931
777	45.099508
778	45.159085
779	45.218661
780	45.278238
781	45.337814
782	45.397391
783	45.456968
784	45.516544
785	45.576121
786	45.635698
787	45.695274
788	45.754851
789	45.814427
790	45.874004
791	45.933581
792	45.993157
793	46.052734
794	46.112311
795	46.171887
796	46.231464
797	46.291040
798	46.350617
799	46.410194
800	46.469770
801	46.529347
802	46.588924
803	46.648500
804	46.708077
805	46.767654
806	46.827230
807	46.886807
808	46.946383
809	47.005960
810	47.065537
811	47.125113
812	47.184690
813	47.244267
814	47.303843
815	47.363420
816	47.422996
817	47.482573
818	47.542150
819	47.601726
820	47.661303
821	47.720880
822	47.780456
823	47.840033
824	47.899609
825	47.959186
826	48.018763
827	48.078339
828	48.137916
829	48.197493
830	48.257069
831	48.316646
832	48.376222
833	48.435799
834	48.495376
835	48.554952
836	48.614529
837	48.674106
838	48.733682
839	48.793259
840	48.852836
841	48.912412
842	48.971989
843	49.031565
844	49.091142
845	49.150719
846	49.210295
847	49.269872
848	49.329449
849	49.389025
850	49.448602
851	49.508178
852	49.567755
853	49.627332
854	49.686908
855	49.746485
856	49.806062
857	49.865638
858	49.925215
859	49.984791
860	50.044368
861	50.103945
862	50.163521
863	50.223098
864	50.282675
865	50.342251
866	50.401828
867	50.461405
868	50.520981
869	50.580558
870	50.640134
871	50.699711
872	50.759288
873	50.818864
874	50.878441
875	50.938018
876	50.997594
877	51.057171
878	51.116747
879	51.176324
880	51.235901
881	51.295477
882	51.355054
883	51.414631
884	51.474207
885	51.533784
886	51.593360
887	51.652937
888	51.712514
889	51.772090
890	51.831667
891	51.891244
892	51.950820
893	52.010397
894	52.069973
895	52.129550
896	52.189127
897	52.248703
898	52.308280
899	52.367857
900	52.427433
901	52.487010
902	52.546587
903	52.606163
904	52.665740
905	52.725316
906	52.784893
907	52.844470
908	52.904046
909	52.963623
910	53.023200
911	53.082776
912	53.142353
913	53.201929
914	53.261506
915	53.321083
916	53.380659
917	53.440236
918	53.499813
919	53.559389
920	53.618966
921	53.678542
922	53.738119
923	53.797696
924	53.857272
925	53.916849
926	53.976426
927	54.036002
928	54.095579
929	54.155155
930	54.214732
931	54.274309
932	54.333885
933	54.393462
934	54.453039
935	54.512615
936	54.572192
937	54.631769
938	54.691345
939	54.750922
940	54.810498
941	54.870075
942	54.929652
943	54.989228
944	55.048805
945	55.108382
946	55.167958
947	55.227535
948	55.287111
949	55.346688
950	55.406265
951	55.465841
952	55.525418
953	55.584995
954	55.644571
955	55.704148
956	55.763724
957	55.823301
958	55.882878
959	55.942454
960	56.002031
961	56.061608
962	56.121184
963	56.180761
964	56.240337
965	56.299914
966	56.359491
967	56.419067
968	56.478644
969	56.538221
970	56.597797
971	56.657374
972	56.716951
973	56.776527
974	56.836104
975	56.895680
976	56.955257
977	57.014834
978	57.074410
979	57.133987
980	57.193564
981	57.253140
982	57.312717
983	57.372293
984	57.431870
985	57.491447
986	57.551023
987	57.610600
988	57.670177
989	57.729753
990	57.789330
991	57.848906
992	57.908483
993	57.968060
994	58.027636
995	58.087213
996	58.146790
997	58.206366
998	58.265943
999	58.325519
1000	58.385096
1001	58.444673
1002	58.504249
1003	58.563826
1004	58.623403
1005	58.682979
1006	58.742556
1007	58.802133
1008	58.861709
1009	58.921286
1010	58.980862
1011	59.040439
1012	59.100016
1013	59.159592
1014	59.219169
1015	59.278746
1016	59.338322
1017	59.397899
1018	59.457475
1019	59.517052
1020	59.576629
1021	59.636205
1022	59.695782
1023	59.755359
1024	59.814935
1025	59.874512
1026	59.934088
1027	59.993665
1028	60.053242
1029	60.112818
1030	60.172395
1031	60.231972
1032	60.291548
1033	60.351125
1034	60.410701
1035	60.470278
1036	60.529855
1037	60.589431
1038	60.649008
1039	60.708585
1040	60.768161
1041	60.827738
1042	60.887315
1043	60.946891
1044	61.006468
1045	61.066044
1046	61.125621
1047	61.185198
1048	61.244774
1049	61.304351
1050	61.363928
1051	61.423504
1052	61.483081
1053	61.542657
1054	61.602234
1055	61.661811
1056	61.721387
1057	61.780964
1058	61.840541
1059	61.900117
1060	61.959694
1061	62.019270
1062	62.078847
1063	62.138424
1064	62.198000
1065	62.257577
1066	62.317154
1067	62.376730
1068	62.436307
1069	62.495884
1070	62.555460
1071	62.615037
1072	62.674613
1073	62.734190
1074	62.793767
1075	62.853343
1076	62.912920
1077	62.972497
1078	63.032073
1079	63.091650
1080	63.151226
1081	63.210803
1082	63.270380
1083	63.329956
1084	63.389533
1085	63.449110
1086	63.508686
1087	63.568263
1088	63.627839
1089	63.687416
1090	63.746993
1091	63.806569
1092	63.866146
1093	63.925723
1094	63.985299
1095	64.044876
1096	64.104452
1097	64.164029
1098	64.223606
1099	64.283182
1100	64.342759
1101	64.402336
1102	64.461912
1103	64.521489
1104	64.581066
1105	64.640642
1106	64.700219
1107	64.759795
1108	64.819372
1109	64.878949
1110	64.938525
1111	64.998102
1112	65.057679
1113	65.117255
1114	65.176832
1115	65.236408
1116	65.295985
1117	65.355562
1118	65.415138
1119	65.474715
1120	65.534292
1121	65.593868
1122	65.653445
1123	65.713021
1124	65.772598
1125	65.832175
1126	65.891751
1127	65.951328
1128	66.010905
1129	66.070481
1130	66.130058
1131	66.189634
1132	66.249211
1133	66.308788
1134	66.368364
1135	66.427941
1136	66.487518
1137	66.547094
1138	66.606671
1139	66.666248
1140	66.725824
1141	66.785401
1142	66.844977
1143	66.904554
1144	66.964131
1145	67.023707
1146	67.083284
1147	67.142861
1148	67.202437
1149	67.262014
1150	67.321590
1151	67.381167
1152	67.440744
1153	67.500320
1154	67.559897
1155	67.619474
1156	67.679050
1157	67.738627
1158	67.798203
1159	67.857780
1160	67.917357
1161	67.976933
1162	68.036510
1163	68.096087
1164	68.155663
1165	68.215240
1166	68.274816
1167	68.334393
1168	68.393970
1169	68.453546
1170	68.513123
1171	68.572700
1172	68.632276
1173	68.691853
1174	68.751430
1175	68.811006
1176	68.870583
1177	68.930159
1178	68.989736
1179	69.049313
1180	69.108889
1181	69.168466
1182	69.228043
1183	69.287619
1184	69.347196
1185	69.406772
1186	69.466349
1187	69.525926
1188	69.585502
1189	69.645079
1190	69.704656
1191	69.764232
1192	69.823809
1193	69.883385
1194	69.942962
1195	70.002539
1196	70.062115
1197	70.121692
1198	70.181269
1199	70.240845
1200	70.300422
1201	70.359998
1202	70.419575
1203	70.479152
1204	70.538728
1205	70.598305
1206	70.657882
1207	70.717458
1208	70.777035
1209	70.836612
1210	70.896188
1211	70.955765
1212	71.015341
1213	71.074918
1214	71.134495
1215	71.194071
1216	71.253648
1217	71.313225
1218	71.372801
1219	71.432378
1220	71.491954
1221	71.551531
1222	71.611108
1223	71.670684
1224	71.730261
1225	71.789838
1226	71.849414
1227	71.908991
1228	71.968567
1229	72.028144
1230	72.087721
1231	72.147297
1232	72.206874
1233	72.266451
1234	72.326027
1235	72.385604
1236	72.445180
1237	72.504757
1238	72.564334
1239	72.623910
1240	72.683487
1241	72.743064
1242	72.802640
1243	72.862217
1244	72.921794
1245	72.981370
1246	73.040947
1247	73.100523
1248	73.160100
1249	73.219677
1250	73.279253
1251	73.338830
1252	73.398407
1253	73.457983
1254	73.517560
1255	73.577136
1256	73.636713
1257	73.696290
1258	73.755866
1259	73.815443
1260	73.875020
1261	73.934596
1262	73.994173
1263	74.053749
1264	74.113326
1265	74.172903
1266	74.232479
1267	74.292056
1268	74.351633
1269	74.411209
1270	74.470786
1271	74.530363
1272	74.589939
1273	74.649516
1274	74.709092
1275	74.768669
1276	74.828246
1277	74.887822
1278	74.947399
1279	75.006976
1280	75.066552
1281	75.126129
1282	75.185705
1283	75.245282
1284	75.304859
1285	75.364435
1286	75.424012
1287	75.483589
1288	75.543165
1289	75.602742
1290	75.662318
1291	75.721895
1292	75.781472
1293	75.841048
1294	75.900625
1295	75.960202
1296	76.019778
1297	76.079355
1298	76.138931
1299	76.198508
1300	76.258085
1301	76.317661
1302	76.377238
1303	76.436815
1304	76.496391
1305	76.555968
1306	76.615545
1307	76.675121
1308	76.734698
1309	76.794274
1310	76.853851
1311	76.913428
1312	76.973004
1313	77.032581
1314	77.092158
1315	77.151734
1316	77.211311
1317	77.270887
1318	77.330464
1319	77.390041
1320	77.449617
1321	77.509194
1322	77.568771
1323	77.628347
1324	77.687924
1325	77.747500
1326	77.807077
1327	77.866654
1328	77.926230
1329	77.985807
1330	78.045384
1331	78.104960
1332	78.164537
1333	78.224113
1334	78.283690
1335	78.343267
1336	78.402843
1337	78.462420
1338	78.521997
1339	78.581573
1340	78.641150
1341	78.700727
1342	78.760303
1343	78.819880
1344	78.879456
1345	78.939033
1346	78.998610
1347	79.058186
1348	79.117763
1349	79.177340
1350	79.236916
1351	79.296493
1352	79.356069
1353	79.415646
1354	79.475223
1355	79.534799
1356	79.594376
1357	79.653953
1358	79.713529
1359	79.773106
1360	79.832682
1361	79.892259
1362	79.951836
1363	80.011412
1364	80.070989
1365	80.130566
1366	80.190142
1367	80.249719
1368	80.309295
1369	80.368872
1370	80.428449
1371	80.488025
1372	80.547602
1373	80.607179
1374	80.666755
1375	80.726332
1376	80.785909
1377	80.845485
1378	80.905062
1379	80.964638
1380	81.024215
1381	81.083792
1382	81.143368
1383	81.202945
1384	81.262522
1385	81.322098
1386	81.381675
1387	81.441251
1388	81.500828
1389	81.560405
1390	81.619981
1391	81.679558
1392	81.739135
1393	81.798711
1394	81.858288
1395	81.917864
1396	81.977441
1397	82.037018
1398	82.096594
1399	82.156171
1400	82.215748
1401	82.275324
1402	82.334901
1403	82.394477
1404	82.454054
1405	82.513631
1406	82.573207
1407	82.632784
1408	82.692361
1409	82.751937
1410	82.811514
1411	82.871091
1412	82.930667
1413	82.990244
1414	83.049820
1415	83.109397
1416	83.168974
1417	83.228550
1418	83.288127
1419	83.347704
1420	83.407280
1421	83.466857
1422	83.526433
1423	83.586010
1424	83.645587
1425	83.705163
1426	83.764740
1427	83.824317
1428	83.883893
1429	83.943470
1430	84.003046
1431	84.062623
1432	84.122200
1433	84.181776
1434	84.241353
1435	84.300930
1436	84.360506
1437	84.420083
1438	84.479659
1439	84.539236
1440	84.598813
1441	84.658389
1442	84.717966
1443	84.777543
1444	84.837119
1445	84.896696
1446	84.956273
1447	85.015849
1448	85.075426
1449	85.135002
1450	85.194579
1451	85.254156
1452	85.313732
1453	85.373309
1454	85.432886
1455	85.492462
1456	85.552039
1457	85.611615
1458	85.671192
1459	85.730769
1460	85.790345
1461	85.849922
1462	85.909499
1463	85.969075
1464	86.028652
1465	86.088228
1466	86.147805
1467	86.207382
1468	86.266958
1469	86.326535
1470	86.386112
1471	86.445688
1472	86.505265
1473	86.564841
1474	86.624418
1475	86.683995
1476	86.743571
1477	86.803148
1478	86.862725
1479	86.922301
1480	86.981878
1481	87.041455
1482	87.101031
1483	87.160608
1484	87.220184
1485	87.279761
1486	87.339338
1487	87.398914
1488	87.458491
1489	87.518068
1490	87.577644
1491	87.637221
1492	87.696797
1493	87.756374
1494	87.815951
1495	87.875527
1496	87.935104
1497	87.994681
1498	88.054257
1499	88.113834
1500	88.173410
1501	88.232987
1502	88.292564
1503	88.352140
1504	88.411717
1505	88.471294
1506	88.530870
1507	88.590447
1508	88.650024
1509	88.709600
1510	88.769177
1511	88.828753
1512	88.888330
1513	88.947907
1514	89.007483
1515	89.067060
1516	89.126637
1517	89.186213
1518	89.245790
1519	89.305366
1520	89.364943
1521	89.424520
1522	89.484096
1523	89.543673
1524	89.603250
1525	89.662826
1526	89.722403
1527	89.781979
1528	89.841556
1529	89.901133
1530	89.960709
1531	90.020286
1532	90.079863
1533	90.139439
1534	90.199016
1535	90.258592
1536	90.318169
1537	90.377746
1538	90.437322
1539	90.496899
1540	90.556476
1541	90.616052
1542	90.675629
1543	90.735206
1544	90.794782
1545	90.854359
1546	90.913935
1547	90.973512
1548	91.033089
1549	91.092665
1550	91.152242
1551	91.211819
1552	91.271395
1553	91.330972
1554	91.390548
1555	91.450125
1556	91.509702
1557	91.569278
1558	91.628855
1559	91.688432
1560	91.748008
1561	91.807585
1562	91.867161
1563	91.926738
1564	91.986315
1565	92.045891
1566	92.105468
1567	92.165045
1568	92.224621
1569	92.284198
1570	92.343774
1571	92.403351
1572	92.462928
1573	92.522504
1574	92.582081
1575	92.641658
1576	92.701234
1577	92.760811
1578	92.820388
1579	92.879964
1580	92.939541
1581	92.999117
1582	93.058694
1583	93.118271
1584	93.177847
1585	93.237424
1586	93.297001
1587	93.356577
1588	93.416154
1589	93.475730
1590	93.535307
1591	93.594884
1592	93.654460
1593	93.714037
1594	93.773614
1595	93.833190
1596	93.892767
1597	93.952343
1598	94.011920
1599	94.071497
1600	94.131073
1601	94.190650
1602	94.250227
1603	94.309803
1604	94.369380
1605	94.428956
1606	94.488533
1607	94.548110
1608	94.607686
1609	94.667263
1610	94.726840
1611	94.786416
1612	94.845993
1613	94.905570
1614	94.965146
1615	95.024723
1616	95.084299
1617	95.143876
1618	95.203453
1619	95.263029
1620	95.322606
1621	95.382183
1622	95.441759
1623	95.501336
1624	95.560912
1625	95.620489
1626	95.680066
1627	95.739642
1628	95.799219
1629	95.858796
1630	95.918372
1631	95.977949
1632	96.037525
1633	96.097102
1634	96.156679
1635	96.216255
1636	96.275832
1637	96.335409
1638	96.394985
1639	96.454562
1640	96.514138
1641	96.573715
1642	96.633292
1643	96.692868
1644	96.752445
1645	96.812022
1646	96.871598
1647	96.931175
1648	96.990752
1649	97.050328
1650	97.109905
1651	97.169481
1652	97.229058
1653	97.288635
1654	97.348211
1655	97.407788
1656	97.467365
1657	97.526941
1658	97.586518
1659	97.646094
1660	97.705671
1661	97.765248
1662	97.824824
1663	97.884401
1664	97.943978
1665	98.003554
1666	98.063131
1667	98.122707
1668	98.182284
1669	98.241861
1670	98.301437
1671	98.361014
1672	98.420591
1673	98.480167
1674	98.539744
1675	98.599320
1676	98.658897
1677	98.718474
1678	98.778050
1679	98.837627
1680	98.897204
1681	98.956780
1682	99.016357
1683	99.075934
1684	99.135510
1685	99.195087
1686	99.254663
1687	99.314240
1688	99.373817
1689	99.433393
1690	99.492970
1691	99.552547
1692	99.612123
1693	99.671700
1694	99.731276
1695	99.790853
1696	99.850430
1697	99.910006
1698	99.969583
1699	100.029160
1700	100.088736
1701	100.148313
1702	100.207889
1703	100.267466
1704	100.327043
1705	100.386619
1706	100.446196
1707	100.505773
1708	100.565349
1709	100.624926
1710	100.684503
1711	100.744079
1712	100.803656
1713	100.863232
1714	100.922809
1715	100.982386
1716	101.041962
1717	101.101539
1718	101.161116
1719	101.220692
1720	101.280269
1721	101.339845
1722	101.399422
1723	101.458999
1724	101.518575
1725	101.578152
1726	101.637729
1727	101.697305
1728	101.756882
1729	101.816458
1730	101.876035
1731	101.935612
1732	101.995188
1733	102.054765
1734	102.114342
1735	102.173918
1736	102.233495
1737	102.293071
1738	102.352648
1739	102.412225
1740	102.471801
1741	102.531378
1742	102.590955
1743	102.650531
1744	102.710108
1745	102.769685
1746	102.829261
1747	102.888838
1748	102.948414
1749	103.007991
1750	103.067568
1751	103.127144
1752	103.186721
1753	103.246298
1754	103.305874
1755	103.365451
1756	103.425027
1757	103.484604
1758	103.544181
1759	103.603757
1760	103.663334
1761	103.722911
1762	103.782487
1763	103.842064
1764	103.901640
1765	103.961217
1766	104.020794
1767	104.080370
1768	104.139947
1769	104.199524
1770	104.259100
1771	104.318677
1772	104.378253
1773	104.437830
1774	104.497407
1775	104.556983
1776	104.616560
1777	104.676137
1778	104.735713
1779	104.795290
1780	104.854867
1781	104.914443
1782	104.974020
1783	105.033596
1784	105.093173
1785	105.152750
1786	105.212326
1787	105.271903
1788	105.331480
1789	105.391056
1790	105.450633
1791	105.510209
1792	105.569786
1793	105.629363
1794	105.688939
1795	105.748516
1796	105.808093
1797	105.867669
1798	105.927246
1799	105.986822
1800	106.046399
1801	106.105976
1802	106.165552
1803	106.225129
1804	106.284706
1805	106.344282
1806	106.403859
1807	106.463435
1808	106.523012
1809	106.582589
1810	106.642165
1811	106.701742
1812	106.761319
1813	106.820895
1814	106.880472
1815	106.940049
1816	106.999625
1817	107.059202
1818	107.118778
1819	107.178355
1820	107.237932
1821	107.297508
1822	107.357085
1823	107.416662
1824	107.476238
1825	107.535815
1826	107.595391
1827	107.654968
1828	107.714545
1829	107.774121
1830	107.833698
1831	107.893275
1832	107.952851
1833	108.012428
1834	108.072004
1835	108.131581
1836	108.191158
1837	108.250734
1838	108.310311
1839	108.369888
1840	108.429464
1841	108.489041
1842	108.548617
1843	108.608194
1844	108.667771
1845	108.727347
1846	108.786924
1847	108.846501
1848	108.906077
1849	108.965654
1850	109.025231
1851	109.084807
1852	109.144384
1853	109.203960
1854	109.263537
1855	109.323114
1856	109.382690
1857	109.442267
1858	109.501844
1859	109.561420
1860	109.620997
1861	109.680573
1862	109.740150
1863	109.799727
1864	109.859303
1865	109.918880
1866	109.978457
1867	110.038033
1868	110.097610
1869	110.157186
1870	110.216763
1871	110.276340
1872	110.335916
1873	110.395493
1874	110.455070
1875	110.514646
1876	110.574223
1877	110.633799
1878	110.693376
1879	110.752953
1880	110.812529
1881	110.872106
1882	110.931683
1883	110.991259
1884	111.050836
1885	111.110413
1886	111.169989
1887	111.229566
1888	111.289142
1889	111.348719
1890	111.408296
1891	111.467872
1892	111.527449
1893	111.587026
1894	111.646602
1895	111.706179
1896	111.765755
1897	111.825332
1898	111.884909
1899	111.944485
1900	112.004062
1901	112.063639
1902	112.123215
1903	112.182792
1904	112.242368
1905	112.301945
1906	112.361522
1907	112.421098
1908	112.480675
1909	112.540252
1910	112.599828
1911	112.659405
1912	112.718982
1913	112.778558
1914	112.838135
1915	112.897711
1916	112.957288
1917	113.016865
1918	113.076441
1919	113.136018
1920	113.195595
1921	113.255171
1922	113.314748
1923	113.374324
1924	113.433901
1925	113.493478
1926	113.553054
1927	113.612631
1928	113.672208
1929	113.731784
1930	113.791361
1931	113.850937
1932	113.910514
1933	113.970091
1934	114.029667
1935	114.089244
1936	114.148821
1937	114.208397
1938	114.267974
1939	114.327550
1940	114.387127
1941	114.446704
1942	114.506280
1943	114.565857
1944	114.625434
1945	114.685010
1946	114.744587
1947	114.804164
1948	114.863740
1949	114.923317
1950	114.982893
1951	115.042470
1952	115.102047
1953	115.161623
1954	115.221200
1955	115.280777
1956	115.340353
1957	115.399930
1958	115.459506
1959	115.519083
1960	115.578660
1961	115.638236
1962	115.697813
1963	115.757390
1964	115.816966
1965	115.876543
1966	115.936119
1967	115.995696
1968	116.055273
1969	116.114849
1970	116.174426
1971	116.234003
1972	116.293579
1973	116.353156
1974	116.412732
1975	116.472309
1976	116.531886
1977	116.591462
1978	116.651039
1979	116.710616
1980	116.770192
1981	116.829769
1982	116.889346
1983	116.948922
1984	117.008499
1985	117.068075
1986	117.127652
1987	117.187229
1988	117.246805
1989	117.306382
1990	117.365959
1991	117.425535
1992	117.485112
1993	117.544688
1994	117.604265
1995	117.663842
1996	117.723418
1997	117.782995
1998	117.842572
1999	117.902148
2000	117.961725
2001	118.021301
2002	118.080878
2003	118.140455
2004	118.200031
2005	118.259608
2006	118.319185
2007	118.378761
2008	118.438338
2009	118.497914
2010	118.557491
2011	118.617068
2012	118.676644
2013	118.736221
2014	118.795798
2015	118.855374
2016	118.914951
2017	118.974528
2018	119.034104
2019	119.093681
2020	119.153257
2021	119.212834
2022	119.272411
2023	119.331987
2024	119.391564
2025	119.451141
2026	119.510717
2027	119.570294
2028	119.629870
2029	119.689447
2030	119.749024
2031	119.808600
2032	119.868177
2033	119.927754
2034	119.987330
2035	120.046907
2036	120.106483
2037	120.166060
2038	120.225637
2039	120.285213
2040	120.344790
2041	120.404367
2042	120.463943
2043	120.523520
2044	120.583096
2045	120.642673
2046	120.702250
2047	120.761826
