0	-1.187312
1	-1.127946
2	-1.068581
3	-1.009215
4	-0.949850
5	-0.890484
6	-0.831118
7	-0.771753
8	-0.712387
9	-0.653022
10	-0.593656
11	-0.534290
12	-0.474925
13	-0.415559
14	-0.356194
15	-0.296828
16	-0.237462
17	-0.178097
18	-0.118731
19	-0.059366
20	0.000000
21	0.059366
22	0.118731
23	0.178097
24	0.237462
25	0.296828
26	0.356194
27	0.415559
28	0.474925
29	0.534290
30	0.593656
31	0.653022
32	0.712387
33	0.771753
34	0.831118
35	0.890484
36	0.949850
37	1.009215
38	1.068581
39	1.127946
40	1.187312
41	1.246678
42	1.306043
43	1.365409
44	1.424774
45	1.484140
46	1.543506
47	1.602871
48	1.662237
49	1.721602
50	1.780968
51	1.840334
52	1.899699
53	1.959065
54	2.018430
55	2.077796
56	2.137162
57	2.196527
58	2.255893
59	2.315258
60	2.374624
61	2.433990
62	2.493355
63	2.552721
64	2.612086
65	2.671452
66	2.730818
67	2.790183
68	2.849549
69	2.908914
70	2.968280
71	3.027646
72	3.087011
73	3.146377
74	3.205742
75	3.265108
76	3.324474
77	3.383839
78	3.443205
79	3.502570
80	3.561936
81	3.621301
82	3.680667
83	3.740033
84	3.799398
85	3.858764
86	3.918129
87	3.977495
88	4.036861
89	4.096226
90	4.155592
91	4.214957
92	4.274323
93	4.333689
94	4.393054
95	4.452420
96	4.511785
97	4.571151
98	4.630517
99	4.689882
100	4.749248
101	4.808613
102	4.867979
103	4.927345
104	4.986710
105	5.046076
106	5.105441
107	5.164807
108	5.224173
109	5.283538
110	5.342904
111	5.402269
112	5.461635
113	5.521001
114	5.580366
115	5.639732
116	5.699097
117	5.758463
118	5.817829
119	5.877194
120	5.936560
121	5.995925
122	6.055291
123	6.114657
124	6.174022
125	6.233388
126	6.292753
127	6.352119
128	6.411485
129	6.470850
130	6.530216
131	6.589581
132	6.648947
133	6.708313
134	6.767678
135	6.827044
136	6.886409
137	6.945775
138	7.005141
139	7.064506
140	7.123872
141	7.183237
142	7.242603
143	7.301969
144	7.361334
145	7.420700
146	7.480065
147	7.539431
148	7.598797
149	7.658162
150	7.717528
151	7.776893
152	7.836259
153	7.895625
154	7.954990
155	8.014356
156	8.073721
157	8.133087
158	8.192453
159	8.251818
160	8.311184
161	8.370549
162	8.429915
163	8.489281
164	8.548646
165	8.608012
166	8.667377
167	8.726743
168	8.786109
169	8.845474
170	8.904840
171	8.964205
172	9.023571
173	9.082937
174	9.142302
175	9.201668
176	9.261033
177	9.320399
178	9.379765
179	9.439130
180	9.498496
181	9.557861
182	9.617227
183	9.676593
184	9.735958
185	9.795324
186	9.854689
187	9.914055
188	9.973420
189	10.032786
190	10.092152
191	10.151517
192	10.210883
193	10.270248
194	10.329614
195	10.388980
196	10.448345
197	10.507711
198	10.567076
199	10.626442
200	10.685808
201	10.745173
202	10.804539
203	10.863904
204	10.923270
205	10.982636
206	11.042001
207	11.101367
208	11.160732
209	11.220098
210	11.279464
211	11.338829
212	11.398195
213	11.457560
214	11.516926
215	11.576292
216	11.635657
217	11.695023
218	11.754388
219	11.813754
220	11.873120
221	11.932485
222	11.991851
223	12.051216
224	12.110582
225	12.169948
226	12.229313
227	12.288679
228	12.348044
229	12.407410
230	12.466776
231	12.526141
232	12.585507
233	12.644872
234	12.704238
235	12.763604
236	12.822969
237	12.882335
238	12.941700
239	13.001066
240	13.060432
241	13.119797
242	13.179163
243	13.238528
244	13.297894
245	13.357260
246	13.416625
247	13.475991
248	13.535356
249	13.594722
250	13.654088
251	13.713453
252	13.772819
253	13.832184
254	13.891550
255	13.950916
256	14.010281
257	14.069647
258	14.129012
259	14.188378
260	14.247744
261	14.307109
262	14.366475
263	14.425840
264	14.485206
265	14.544572
266	14.603937
267	14.663303
268	14.722668
269	14.782034
270	14.841400
271	14.900765
272	14.960131
273	15.019496
274	15.078862
275	15.138228
276	15.197593
277	15.256959
278	15.316324
279	15.375690
280	15.435056
281	15.494421
282	15.553787
283	15.613152
284	15.672518
285	15.731884
286	15.791249
287	15.850615
288	15.909980
289	15.969346
290	16.028711
291	16.088077
292	16.147443
293	16.206808
294	16.266174
295	16.325539
296	16.384905
297	16.444271
298	16.503636
299	16.563002
300	16.622367
301	16.681733
302	16.741099
303	16.800464
304	16.859830
305	16.919195
306	16.978561
307	17.037927
308	17.097292
309	17.156658
310	17.216023
311	17.275389
312	17.334755
313	17.394120
314	17.453486
315	17.512851
316	17.572217
317	17.631583
318	17.690948
319	17.750314
320	17.809679
321	17.869045
322	17.928411
323	17.987776
324	18.047142
325	18.106507
326	18.165873
327	18.225239
328	18.284604
329	18.343970
330	18.403335
331	18.462701
332	18.522067
333	18.581432
334	18.640798
335	18.700163
336	18.759529
337	18.818895
338	18.878260
339	18.937626
340	18.996991
341	19.056357
342	19.115723
343	19.175088
344	19.234454
345	19.293819
346	19.353185
347	19.412551
348	19.471916
349	19.531282
350	19.590647
351	19.650013
352	19.709379
353	19.768744
354	19.828110
355	19.887475
356	19.946841
357	20.006207
358	20.065572
359	20.124938
360	20.184303
361	20.243669
362	20.303035
363	20.362400
364	20.421766
365	20.481131
366	20.540497
367	20.599863
368	20.659228
369	20.718594
370	20.777959
371	20.837325
372	20.896691
373	20.956056
374	21.015422
375	21.074787
376	21.134153
377	21.193519
378	21.252884
379	21.312250
380	21.371615
381	21.430981
382	21.490347
383	21.549712
384	21.609078
385	21.668443
386	21.727809
387	21.787175
388	21.846540
389	21.905906
390	21.965271
391	22.024637
392	22.084003
393	22.143368
394	22.202734
395	22.262099
396	22.321465
397	22.380830
398	22.440196
399	22.499562
400	22.558927
401	22.618293
402	22.677658
403	22.737024
404	22.796390
405	22.855755
406	22.915121
407	22.974486
408	23.033852
409	23.093218
410	23.152583
411	23.211949
412	23.271314
413	23.330680
414	23.390046
415	23.449411
416	23.508777
417	23.568142
418	23.627508
419	23.686874
420	23.746239
421	23.805605
422	23.864970
423	23.924336
424	23.983702
425	24.043067
426	24.102433
427	24.161798
428	24.221164
429	24.280530
430	24.339895
431	24.399261
432	24.458626
433	24.517992
434	24.577358
435	24.636723
436	24.696089
437	24.755454
438	24.814820
439	24.874186
440	24.933551
441	24.992917
442	25.052282
443	25.111648
444	25.171014
445	25.230379
446	25.289745
447	25.349110
448	25.408476
449	25.467842
450	25.527207
451	25.586573
452	25.645938
453	25.705304
454	25.764670
455	25.824035
456	25.883401
457	25.942766
458	26.002132
459	26.061498
460	26.120863
461	26.180229
462	26.239594
463	26.298960
464	26.358326
465	26.417691
466	26.477057
467	26.536422
468	26.595788
469	26.655154
470	26.714519
471	26.773885
472	26.833250
473	26.892616
474	26.951982
475	27.011347
476	27.070713
477	27.130078
478	27.189444
479	27.248810
480	27.308175
481	27.367541
482	27.426906
483	27.486272
484	27.545638
485	27.605003
486	27.664369
487	27.723734
488	27.783100
489	27.842466
490	27.901831
491	27.961197
492	28.020562
493	28.079928
494	28.139294
495	28.198659
496	28.258025
497	28.317390
498	28.376756
499	28.436122
500	28.495487
501	28.554853
502	28.614218
503	28.673584
504	28.732949
505	28.792315
506	28.851681
507	28.911046
508	28.970412
509	29.029777
510	29.089143
511	29.148509
512	29.207874
513	29.267240
514	29.326605
515	29.385971
516	29.445337
517	29.504702
518	29.564068
519	29.623433
520	29.682799
521	29.742165
522	29.801530
523	29.860896
524	29.920261
525	29.979627
526	30.038993
527	30.098358
528	30.157724
529	30.217089
530	30.276455
531	30.335821
532	30.395186
533	30.454552
534	30.513917
535	30.573283
536	30.632649
537	30.692014
538	30.751380
539	30.810745
540	30.870111
541	30.929477
542	30.988842
543	31.048208
544	31.107573
545	31.166939
546	31.226305
547	31.285670
548	31.345036
549	31.404401
550	31.463767
551	31.523133
552	31.582498
553	31.641864
554	31.701229
555	31.760595
556	31.819961
557	31.879326
558	31.938692
559	31.998057
560	32.057423
561	32.116789
562	32.176154
563	32.235520
564	32.294885
565	32.354251
566	32.413617
567	32.472982
568	32.532348
569	32.591713
570	32.651079
571	32.710445
572	32.769810
573	32.829176
574	32.888541
575	32.947907
576	33.007273
577	33.066638
578	33.126004
579	33.185369
580	33.244735
581	33.304101
582	33.363466
583	33.422832
584	33.482197
585	33.541563
586	33.600929
587	33.660294
588	33.719660
589	33.779025
590	33.838391
591	33.897757
592	33.957122
593	34.016488
594	34.075853
595	34.135219
596	34.194585
597	34.253950
598	34.313316
599	34.372681
600	34.432047
601	34.491413
602	34.550778
603	34.610144
604	34.669509
605	34.728875
606	34.788241
607	34.847606
608	34.906972
609	34.966337
610	35.025703
611	35.085068
612	35.144434
613	35.203800
614	35.263165
615	35.322531
616	35.381896
617	35.441262
618	35.500628
619	35.559993
620	35.619359
621	35.678724
622	35.738090
623	35.797456
624	35.856821
625	35.916187
626	35.975552
627	36.034918
628	36.094284
629	36.153649
630	36.213015
631	36.272380
632	36.331746
633	36.391112
634	36.450477
635	36.509843
636	36.569208
637	36.628574
638	36.687940
639	36.747305
640	36.806671
641	36.866036
642	36.925402
643	36.984768
644	37.044133
645	37.103499
646	37.162864
647	37.222230
648	37.281596
649	37.340961
650	37.400327
651	37.459692
652	37.519058
653	37.578424
654	37.637789
655	37.697155
656	37.756520
657	37.815886
658	37.875252
659	37.934617
660	37.993983
661	38.053348
662	38.112714
663	38.172080
664	38.231445
665	38.290811
666	38.350176
667	38.409542
668	38.468908
669	38.528273
670	38.587639
671	38.647004
672	38.706370
673	38.765736
674	38.825101
675	38.884467
676	38.943832
677	39.003198
678	39.062564
679	39.121929
680	39.181295
681	39.240660
682	39.300026
683	39.359392
684	39.418757
685	39.478123
686	39.537488
687	39.596854
688	39.656220
689	39.715585
690	39.774951
691	39.834316
692	39.893682
693	39.953048
694	40.012413
695	40.071779
696	40.131144
697	40.190510
698	40.249876
699	40.309241
700	40.368607
701	40.427972
702	40.487338
703	40.546704
704	40.606069
705	40.665435
706	40.724800
707	40.784166
708	40.843532
709	40.902897
710	40.962263
711	41.021628
712	41.080994
713	41.140359
714	41.199725
715	41.259091
716	41.318456
717	41.377822
718	41.437187
719	41.496553
720	41.555919
721	41.615284
722	41.674650
723	41.734015
724	41.793381
725	41.852747
726	41.912112
727	41.971478
728	42.030843
729	42.090209
730	42.149575
731	42.208940
732	42.268306
733	42.327671
734	42.387037
735	42.446403
736	42.505768
737	42.565134
738	42.624499
739	42.683865
740	42.743231
741	42.802596
742	42.861962
743	42.921327
744	42.980693
745	43.040059
746	43.099424
747	43.158790
748	43.218155
749	43.277521
750	43.336887
751	43.396252
752	43.455618
753	43.514983
754	43.574349
755	43.633715
756	43.693080
757	43.752446
758	43.811811
759	43.871177
760	43.930543
761	43.989908
762	44.049274
763	44.108639
764	44.168005
765	44.227371
766	44.286736
767	44.346102
768	44.405467
769	44.464833
770	44.524199
771	44.583564
772	44.642930
773	44.702295
774	44.761661
775	44.821027
776	44.880392
777	44.939758
778	44.999123
779	45.058489
780	45.117855
781	45.177220
782	45.236586
783	45.295951
784	45.355317
785	45.414683
786	45.474048
787	45.533414
788	45.592779
789	45.652145
790	45.711511
791	45.770876
792	45.830242
793	45.889607
794	45.948973
795	46.008339
796	46.067704
797	46.127070
798	46.186435
799	46.245801
800	46.305167
801	46.364532
802	46.423898
803	46.483263
804	46.542629
805	46.601995
806	46.661360
807	46.720726
808	46.780091
809	46.839457
810	46.898823
811	46.958188
812	47.017554
813	47.076919
814	47.136285
815	47.195651
816	47.255016
817	47.314382
818	47.373747
819	47.433113
820	47.492478
821	47.551844
822	47.611210
823	47.670575
824	47.729941
825	47.789306
826	47.848672
827	47.908038
828	47.967403
829	48.026769
830	48.086134
831	48.145500
832	48.204866
833	48.264231
834	48.323597
835	48.382962
836	48.442328
837	48.501694
838	48.561059
839	48.620425
840	48.679790
841	48.739156
842	48.798522
843	48.857887
844	48.917253
845	48.976618
846	49.035984
847	49.095350
848	49.154715
849	49.214081
850	49.273446
851	49.332812
852	49.392178
853	49.451543
854	49.510909
855	49.570274
856	49.629640
857	49.689006
858	49.748371
859	49.807737
860	49.867102
861	49.926468
862	49.985834
863	50.045199
864	50.104565
865	50.163930
866	50.223296
867	50.282662
868	50.342027
869	50.401393
870	50.460758
871	50.520124
872	50.579490
873	50.638855
874	50.698221
875	50.757586
876	50.816952
877	50.876318
878	50.935683
879	50.995049
880	51.054414
881	51.113780
882	51.173146
883	51.232511
884	51.291877
885	51.351242
886	51.410608
887	51.469974
888	51.529339
889	51.588705
890	51.648070
891	51.707436
892	51.766802
893	51.826167
894	51.885533
895	51.944898
896	52.004264
897	52.063630
898	52.122995
899	52.182361
900	52.241726
901	52.301092
902	52.360458
903	52.419823
904	52.479189
905	52.538554
906	52.597920
907	52.657286
908	52.716651
909	52.776017
910	52.835382
911	52.894748
912	52.954114
913	53.013479
914	53.072845
915	53.132210
916	53.191576
917	53.250942
918	53.310307
919	53.369673
920	53.429038
921	53.488404
922	53.547770
923	53.607135
924	53.666501
925	53.725866
926	53.785232
927	53.844597
928	53.903963
929	53.963329
930	54.022694
931	54.082060
932	54.141425
933	54.200791
934	54.260157
935	54.319522
936	54.378888
937	54.438253
938	54.497619
939	54.556985
940	54.616350
941	54.675716
942	54.735081
943	54.794447
944	54.853813
945	54.913178
946	54.972544
947	55.031909
948	55.091275
949	55.150641
950	55.210006
951	55.269372
952	55.328737
953	55.388103
954	55.447469
955	55.506834
956	55.566200
957	55.625565
958	55.684931
959	55.744297
960	55.803662
961	55.863028
962	55.922393
963	55.981759
964	56.041125
965	56.100490
966	56.159856
967	56.219221
968	56.278587
969	56.337953
970	56.397318
971	56.456684
972	56.516049
973	56.575415
974	56.634781
975	56.694146
976	56.753512
977	56.812877
978	56.872243
979	56.931609
980	56.990974
981	57.050340
982	57.109705
983	57.169071
984	57.228437
985	57.287802
986	57.347168
987	57.406533
988	57.465899
989	57.525265
990	57.584630
991	57.643996
992	57.703361
993	57.762727
994	57.822093
995	57.881458
996	57.940824
997	58.000189
998	58.059555
999	58.118921
1000	58.178286
1001	58.237652
1002	58.297017
1003	58.356383
1004	58.415749
1005	58.475114
1006	58.534480
1007	58.593845
1008	58.653211
1009	58.712577
1010	58.771942
1011	58.831308
1012	58.890673
1013	58.950039
1014	59.009405
1015	59.068770
1016	59.128136
1017	59.187501
1018	59.246867
1019	59.306233
1020	59.365598
1021	59.424964
1022	59.484329
1023	59.543695
1024	59.603061
1025	59.662426
1026	59.721792
1027	59.781157
1028	59.840523
1029	59.899889
1030	59.959254
1031	60.018620
1032	60.077985
1033	60.137351
1034	60.196716
1035	60.256082
1036	60.315448
1037	60.374813
1038	60.434179
1039	60.493544
1040	60.552910
1041	60.612276
1042	60.671641
1043	60.731007
1044	60.790372
1045	60.849738
1046	60.909104
1047	60.968469
1048	61.027835
1049	61.087200
1050	61.146566
1051	61.205932
1052	61.265297
1053	61.324663
1054	61.384028
1055	61.443394
1056	61.502760
1057	61.562125
1058	61.621491
1059	61.680856
1060	61.740222
1061	61.799588
1062	61.858953
1063	61.918319
1064	61.977684
1065	62.037050
1066	62.096416
1067	62.155781
1068	62.215147
1069	62.274512
1070	62.333878
1071	62.393244
1072	62.452609
1073	62.511975
1074	62.571340
1075	62.630706
1076	62.690072
1077	62.749437
1078	62.808803
1079	62.868168
1080	62.927534
1081	62.986900
1082	63.046265
1083	63.105631
1084	63.164996
1085	63.224362
1086	63.283728
1087	63.343093
1088	63.402459
1089	63.461824
1090	63.521190
1091	63.580556
1092	63.639921
1093	63.699287
1094	63.758652
1095	63.818018
1096	63.877384
1097	63.936749
1098	63.996115
1099	64.055480
1100	64.114846
1101	64.174212
1102	64.233577
1103	64.292943
1104	64.352308
1105	64.411674
1106	64.471040
1107	64.530405
1108	64.589771
1109	64.649136
1110	64.708502
1111	64.767868
1112	64.827233
1113	64.886599
1114	64.945964
1115	65.005330
1116	65.064696
1117	65.124061
1118	65.183427
1119	65.242792
1120	65.302158
1121	65.361524
1122	65.420889
1123	65.480255
1124	65.539620
1125	65.598986
1126	65.658352
1127	65.717717
1128	65.777083
1129	65.836448
1130	65.895814
1131	65.955180
1132	66.014545
1133	66.073911
1134	66.133276
1135	66.192642
1136	66.252007
1137	66.311373
1138	66.370739
1139	66.430104
1140	66.489470
1141	66.548835
1142	66.608201
1143	66.667567
1144	66.726932
1145	66.786298
1146	66.845663
1147	66.905029
1148	66.964395
1149	67.023760
1150	67.083126
1151	67.142491
1152	67.201857
1153	67.261223
1154	67.320588
1155	67.379954
1156	67.439319
1157	67.498685
1158	67.558051
1159	67.617416
1160	67.676782
1161	67.736147
1162	67.795513
1163	67.854879
1164	67.914244
1165	67.973610
1166	68.032975
1167	68.092341
1168	68.151707
1169	68.211072
1170	68.270438
1171	68.329803
1172	68.389169
1173	68.448535
1174	68.507900
1175	68.567266
1176	68.626631
1177	68.685997
1178	68.745363
1179	68.804728
1180	68.864094
1181	68.923459
1182	68.982825
1183	69.042191
1184	69.101556
1185	69.160922
1186	69.220287
1187	69.279653
1188	69.339019
1189	69.398384
1190	69.457750
1191	69.517115
1192	69.576481
1193	69.635847
1194	69.695212
1195	69.754578
1196	69.813943
1197	69.873309
1198	69.932675
1199	69.992040
1200	70.051406
1201	70.110771
1202	70.170137
1203	70.229503
1204	70.288868
1205	70.348234
1206	70.407599
1207	70.466965
1208	70.526331
1209	70.585696
1210	70.645062
1211	70.704427
1212	70.763793
1213	70.823159
1214	70.882524
1215	70.941890
1216	71.001255
1217	71.060621
1218	71.119987
1219	71.179352
1220	71.238718
1221	71.298083
1222	71.357449
1223	71.416815
1224	71.476180
1225	71.535546
1226	71.594911
1227	71.654277
1228	71.713643
1229	71.773008
1230	71.832374
1231	71.891739
1232	71.951105
1233	72.010471
1234	72.069836
1235	72.129202
1236	72.188567
1237	72.247933
1238	72.307299
1239	72.366664
1240	72.426030
1241	72.485395
1242	72.544761
1243	72.604126
1244	72.663492
1245	72.722858
1246	72.782223
1247	72.841589
1248	72.900954
1249	72.960320
1250	73.019686
1251	73.079051
1252	73.138417
1253	73.197782
1254	73.257148
1255	73.316514
1256	73.375879
1257	73.435245
1258	73.494610
1259	73.553976
1260	73.613342
1261	73.672707
1262	73.732073
1263	73.791438
1264	73.850804
1265	73.910170
1266	73.969535
1267	74.028901
1268	74.088266
1269	74.147632
1270	74.206998
1271	74.266363
1272	74.325729
1273	74.385094
1274	74.444460
1275	74.503826
1276	74.563191
1277	74.622557
1278	74.681922
1279	74.741288
1280	74.800654
1281	74.860019
1282	74.919385
1283	74.978750
1284	75.038116
1285	75.097482
1286	75.156847
1287	75.216213
1288	75.275578
1289	75.334944
1290	75.394310
1291	75.453675
1292	75.513041
1293	75.572406
1294	75.631772
1295	75.691138
1296	75.750503
1297	75.809869
1298	75.869234
1299	75.928600
1300	75.987966
1301	76.047331
1302	76.106697
1303	76.166062
1304	76.225428
1305	76.284794
1306	76.344159
1307	76.403525
1308	76.462890
1309	76.522256
1310	76.581622
1311	76.640987
1312	76.700353
1313	76.759718
1314	76.819084
1315	76.878450
1316	76.937815
1317	76.997181
1318	77.056546
1319	77.115912
1320	77.175278
1321	77.234643
1322	77.294009
1323	77.353374
1324	77.412740
1325	77.472106
1326	77.531471
1327	77.590837
1328	77.650202
1329	77.709568
1330	77.768934
1331	77.828299
1332	77.887665
1333	77.947030
1334	78.006396
1335	78.065762
1336	78.125127
1337	78.184493
1338	78.243858
1339	78.303224
1340	78.362590
1341	78.421955
1342	78.481321
1343	78.540686
1344	78.600052
1345	78.659418
1346	78.718783
1347	78.778149
1348	78.837514
1349	78.896880
1350	78.956245
1351	79.015611
1352	79.074977
1353	79.134342
1354	79.193708
1355	79.253073
1356	79.312439
1357	79.371805
1358	79.431170
1359	79.490536
1360	79.549901
1361	79.609267
1362	79.668633
1363	79.727998
1364	79.787364
1365	79.846729
1366	79.906095
1367	79.965461
1368	80.024826
1369	80.084192
1370	80.143557
1371	80.202923
1372	80.262289
1373	80.321654
1374	80.381020
1375	80.440385
1376	80.499751
1377	80.559117
1378	80.618482
1379	80.677848
1380	80.737213
1381	80.796579
1382	80.855945
1383	80.915310
1384	80.974676
1385	81.034041
1386	81.093407
1387	81.152773
1388	81.212138
1389	81.271504
1390	81.330869
1391	81.390235
1392	81.449601
1393	81.508966
1394	81.568332
1395	81.627697
1396	81.687063
1397	81.746429
1398	81.805794
1399	81.865160
1400	81.924525
1401	81.983891
1402	82.043257
1403	82.102622
1404	82.161988
1405	82.221353
1406	82.280719
1407	82.340085
1408	82.399450
1409	82.458816
1410	82.518181
1411	82.577547
1412	82.636913
1413	82.696278
1414	82.755644
1415	82.815009
1416	82.874375
1417	82.933741
1418	82.993106
1419	83.052472
1420	83.111837
1421	83.171203
1422	83.230569
1423	83.289934
1424	83.349300
1425	83.408665
1426	83.468031
1427	83.527397
1428	83.586762
1429	83.646128
1430	83.705493
1431	83.764859
1432	83.824225
1433	83.883590
1434	83.942956
1435	84.002321
1436	84.061687
1437	84.121053
1438	84.180418
1439	84.239784
1440	84.299149
1441	84.358515
1442	84.417881
1443	84.477246
1444	84.536612
1445	84.595977
1446	84.655343
1447	84.714709
1448	84.774074
1449	84.833440
1450	84.892805
1451	84.952171
1452	85.011537
1453	85.070902
1454	85.130268
1455	85.189633
1456	85.248999
1457	85.308364
1458	85.367730
1459	85.427096
1460	85.486461
1461	85.545827
1462	85.605192
1463	85.664558
1464	85.723924
1465	85.783289
1466	85.842655
1467	85.902020
1468	85.961386
1469	86.020752
1470	86.080117
1471	86.139483
1472	86.198848
1473	86.258214
1474	86.317580
1475	86.376945
1476	86.436311
1477	86.495676
1478	86.555042
1479	86.614408
1480	86.673773
1481	86.733139
1482	86.792504
1483	86.851870
1484	86.911236
1485	86.970601
1486	87.029967
1487	87.089332
1488	87.148698
1489	87.208064
1490	87.267429
1491	87.326795
1492	87.386160
1493	87.445526
1494	87.504892
1495	87.564257
1496	87.623623
1497	87.682988
1498	87.742354
1499	87.801720
1500	87.861085
1501	87.920451
1502	87.979816
1503	88.039182
1504	88.098548
1505	88.157913
1506	88.217279
1507	88.276644
1508	88.336010
1509	88.395376
1510	88.454741
1511	88.514107
1512	88.573472
1513	88.632838
1514	88.692204
1515	88.751569
1516	88.810935
1517	88.870300
1518	88.929666
1519	88.989032
1520	89.048397
1521	89.107763
1522	89.167128
1523	89.226494
1524	89.285860
1525	89.345225
1526	89.404591
1527	89.463956
1528	89.523322
1529	89.582688
1530	89.642053
1531	89.701419
1532	89.760784
1533	89.820150
1534	89.879516
1535	89.938881
1536	89.998247
1537	90.057612
1538	90.116978
1539	90.176344
1540	90.235709
1541	90.295075
1542	90.354440
1543	90.413806
1544	90.473172
1545	90.532537
1546	90.591903
1547	90.651268
1548	90.710634
1549	90.770000
1550	90.829365
1551	90.888731
1552	90.948096
1553	91.007462
1554	91.066828
1555	91.126193
1556	91.185559
1557	91.244924
1558	91.304290
1559	91.363655
1560	91.423021
1561	91.482387
1562	91.541752
1563	91.601118
1564	91.660483
1565	91.719849
1566	91.779215
1567	91.838580
1568	91.897946
1569	91.957311
1570	92.016677
1571	92.076043
1572	92.135408
1573	92.194774
1574	92.254139
1575	92.313505
1576	92.372871
1577	92.432236
1578	92.491602
1579	92.550967
1580	92.610333
1581	92.669699
1582	92.729064
1583	92.788430
1584	92.847795
1585	92.907161
1586	92.966527
1587	93.025892
1588	93.085258
1589	93.144623
1590	93.203989
1591	93.263355
1592	93.322720
1593	93.382086
1594	93.441451
1595	93.500817
1596	93.560183
1597	93.619548
1598	93.678914
1599	93.738279
1600	93.797645
1601	93.857011
1602	93.916376
1603	93.975742
1604	94.035107
1605	94.094473
1606	94.153839
1607	94.213204
1608	94.272570
1609	94.331935
1610	94.391301
1611	94.450667
1612	94.510032
1613	94.569398
1614	94.628763
1615	94.688129
1616	94.747495
1617	94.806860
1618	94.866226
1619	94.925591
1620	94.984957
1621	95.044323
1622	95.103688
1623	95.163054
1624	95.222419
1625	95.281785
1626	95.341151
1627	95.400516
1628	95.459882
1629	95.519247
1630	95.578613
1631	95.637979
1632	95.697344
1633	95.756710
1634	95.816075
1635	95.875441
1636	95.934807
1637	95.994172
1638	96.053538
1639	96.112903
1640	96.172269
1641	96.231635
1642	96.291000
1643	96.350366
1644	96.409731
1645	96.469097
1646	96.528463
1647	96.587828
1648	96.647194
1649	96.706559
1650	96.765925
1651	96.825291
1652	96.884656
1653	96.944022
1654	97.003387
1655	97.062753
1656	97.122119
1657	97.181484
1658	97.240850
1659	97.300215
1660	97.359581
1661	97.418947
1662	97.478312
1663	97.537678
1664	97.597043
1665	97.656409
1666	97.715774
1667	97.775140
1668	97.834506
1669	97.893871
1670	97.953237
1671	98.012602
1672	98.071968
1673	98.131334
1674	98.190699
1675	98.250065
1676	98.309430
1677	98.368796
1678	98.428162
1679	98.487527
1680	98.546893
1681	98.606258
1682	98.665624
1683	98.724990
1684	98.784355
1685	98.843721
1686	98.903086
1687	98.962452
1688	99.021818
1689	99.081183
1690	99.140549
1691	99.199914
1692	99.259280
1693	99.318646
1694	99.378011
1695	99.437377
1696	99.496742
1697	99.556108
1698	99.615474
1699	99.674839
1700	99.734205
1701	99.793570
1702	99.852936
1703	99.912302
1704	99.971667
1705	100.031033
1706	100.090398
1707	100.149764
1708	100.209130
1709	100.268495
1710	100.327861
1711	100.387226
1712	100.446592
1713	100.505958
1714	100.565323
1715	100.624689
1716	100.684054
1717	100.743420
1718	100.802786
1719	100.862151
1720	100.921517
1721	100.980882
1722	101.040248
1723	101.099614
1724	101.158979
1725	101.218345
1726	101.277710
1727	101.337076
1728	101.396442
1729	101.455807
1730	101.515173
1731	101.574538
1732	101.633904
1733	101.693270
1734	101.752635
1735	101.812001
1736	101.871366
1737	101.930732
1738	101.990098
1739	102.049463
1740	102.108829
1741	102.168194
1742	102.227560
1743	102.286926
1744	102.346291
1745	102.405657
1746	102.465022
1747	102.524388
1748	102.583754
1749	102.643119
1750	102.702485
1751	102.761850
1752	102.821216
1753	102.880582
1754	102.939947
1755	102.999313
1756	103.058678
1757	103.118044
1758	103.177410
1759	103.236775
1760	103.296141
1761	103.355506
1762	103.414872
1763	103.474238
1764	103.533603
1765	103.592969
1766	103.652334
1767	103.711700
1768	103.771066
1769	103.830431
1770	103.889797
1771	103.949162
1772	104.008528
1773	104.067893
1774	104.127259
1775	104.186625
1776	104.245990
1777	104.305356
1778	104.364721
1779	104.424087
1780	104.483453
1781	104.542818
1782	104.602184
1783	104.661549
1784	104.720915
1785	104.780281
1786	104.839646
1787	104.899012
1788	104.958377
1789	105.017743
1790	105.077109
1791	105.136474
1792	105.195840
1793	105.255205
1794	105.314571
1795	105.373937
1796	105.433302
1797	105.492668
1798	105.552033
1799	105.611399
1800	105.670765
1801	105.730130
1802	105.789496
1803	105.848861
1804	105.908227
1805	105.967593
1806	106.026958
1807	106.086324
1808	106.145689
1809	106.205055
1810	106.264421
1811	106.323786
1812	106.383152
1813	106.442517
1814	106.501883
1815	106.561249
1816	106.620614
1817	106.679980
1818	106.739345
1819	106.798711
1820	106.858077
1821	106.917442
1822	106.976808
1823	107.036173
1824	107.095539
1825	107.154905
1826	107.214270
1827	107.273636
1828	107.333001
1829	107.392367
1830	107.451733
1831	107.511098
1832	107.570464
1833	107.629829
1834	107.689195
1835	107.748561
1836	107.807926
1837	107.867292
1838	107.926657
1839	107.986023
1840	108.045389
1841	108.104754
1842	108.164120
1843	108.223485
1844	108.282851
1845	108.342217
1846	108.401582
1847	108.460948
1848	108.520313
1849	108.579679
1850	108.639045
1851	108.698410
1852	108.757776
1853	108.817141
1854	108.876507
1855	108.935873
1856	108.995238
1857	109.054604
1858	109.113969
1859	109.173335
1860	109.232701
1861	109.292066
1862	109.351432
1863	109.410797
1864	109.470163
1865	109.529529
1866	109.588894
1867	109.648260
1868	109.707625
1869	109.766991
1870	109.826357
1871	109.885722
1872	109.945088
1873	110.004453
1874	110.063819
1875	110.123185
1876	110.182550
1877	110.241916
1878	110.301281
1879	110.360647
1880	110.420012
1881	110.479378
1882	110.538744
1883	110.598109
1884	110.657475
1885	110.716840
1886	110.776206
1887	110.835572
1888	110.894937
1889	110.954303
1890	111.013668
1891	111.073034
1892	111.132400
1893	111.191765
1894	111.251131
1895	111.310496
1896	111.369862
1897	111.429228
1898	111.488593
1899	111.547959
1900	111.607324
1901	111.666690
1902	111.726056
1903	111.785421
1904	111.844787
1905	111.904152
1906	111.963518
1907	112.022884
1908	112.082249
1909	112.141615
1910	112.200980
1911	112.260346
1912	112.319712
1913	112.379077
1914	112.438443
1915	112.497808
1916	112.557174
1917	112.616540
1918	112.675905
1919	112.735271
1920	112.794636
1921	112.854002
1922	112.913368
1923	112.972733
1924	113.032099
1925	113.091464
1926	113.150830
1927	113.210196
1928	113.269561
1929	113.328927
1930	113.388292
1931	113.447658
1932	113.507024
1933	113.566389
1934	113.625755
1935	113.685120
1936	113.744486
1937	113.803852
1938	113.863217
1939	113.922583
1940	113.981948
1941	114.041314
1942	114.100680
1943	114.160045
1944	114.219411
1945	114.278776
1946	114.338142
1947	114.397508
1948	114.456873
1949	114.516239
1950	114.575604
1951	114.634970
1952	114.694336
1953	114.753701
1954	114.813067
1955	114.872432
1956	114.931798
1957	114.991164
1958	115.050529
1959	115.109895
1960	115.169260
1961	115.228626
1962	115.287992
1963	115.347357
1964	115.406723
1965	115.466088
1966	115.525454
1967	115.584820
1968	115.644185
1969	115.703551
1970	115.762916
1971	115.822282
1972	115.881648
1973	115.941013
1974	116.000379
1975	116.059744
1976	116.119110
1977	116.178476
1978	116.237841
1979	116.297207
1980	116.356572
1981	116.415938
1982	116.475303
1983	116.534669
1984	116.594035
1985	116.653400
1986	116.712766
1987	116.772131
1988	116.831497
1989	116.890863
1990	116.950228
1991	117.009594
1992	117.068959
1993	117.128325
1994	117.187691
1995	117.247056
1996	117.306422
1997	117.365787
1998	117.425153
1999	117.484519
2000	117.543884
2001	117.603250
2002	117.662615
2003	117.721981
2004	117.781347
2005	117.840712
2006	117.900078
2007	117.959443
2008	118.018809
2009	118.078175
2010	118.137540
2011	118.196906
2012	118.256271
2013	118.315637
2014	118.375003
2015	118.434368
2016	118.493734
2017	118.553099
2018	118.612465
2019	118.671831
2020	118.731196
2021	118.790562
2022	118.849927
2023	118.909293
2024	118.968659
2025	119.028024
2026	119.087390
2027	119.146755
2028	119.206121
2029	119.265487
2030	119.324852
2031	119.384218
2032	119.443583
2033	119.502949
2034	119.562315
2035	119.621680
2036	119.681046
2037	119.740411
2038	119.799777
2039	119.859143
2040	119.918508
2041	119.977874
2042	120.037239
2043	120.096605
2044	120.155971
2045	120.215336
2046	120.274702
2047	120.334067
