0	-1.182728
1	-1.123591
2	-1.064455
3	-1.005318
4	-0.946182
5	-0.887046
6	-0.827909
7	-0.768773
8	-0.709637
9	-0.650500
10	-0.591364
11	-0.532227
12	-0.473091
13	-0.413955
14	-0.354818
15	-0.295682
16	-0.236546
17	-0.177409
18	-0.118273
19	-0.059136
20	0.000000
21	0.059136
22	0.118273
23	0.177409
24	0.236546
25	0.295682
26	0.354818
27	0.413955
28	0.473091
29	0.532227
30	0.591364
31	0.650500
32	0.709637
33	0.768773
34	0.827909
35	0.887046
36	0.946182
37	1.005319
38	1.064455
39	1.123591
40	1.182728
41	1.241864
42	1.301000
43	1.360137
44	1.419273
45	1.478410
46	1.537546
47	1.596682
48	1.655819
49	1.714955
50	1.774092
51	1.833228
52	1.892364
53	1.951501
54	2.010637
55	2.069773
56	2.128910
57	2.188046
58	2.247183
59	2.306319
60	2.365455
61	2.424592
62	2.483728
63	2.542864
64	2.602001
65	2.661137
66	2.720274
67	2.779410
68	2.838546
69	2.897683
70	2.956819
71	3.015956
72	3.075092
73	3.134228
74	3.193365
75	3.252501
76	3.311637
77	3.370774
78	3.429910
79	3.489047
80	3.548183
81	3.607319
82	3.666456
83	3.725592
84	3.784729
85	3.843865
86	3.903001
87	3.962138
88	4.021274
89	4.080410
90	4.139547
91	4.198683
92	4.257820
93	4.316956
94	4.376092
95	4.435229
96	4.494365
97	4.553502
98	4.612638
99	4.671774
100	4.730911
101	4.790047
102	4.849183
103	4.908320
104	4.967456
105	5.026593
106	5.085729
107	5.144865
108	5.204002
109	5.263138
110	5.322274
111	5.381411
112	5.440547
113	5.499684
114	5.558820
115	5.617956
116	5.677093
117	5.736229
118	5.795366
119	5.854502
120	5.913638
121	5.972775
122	6.031911
123	6.091047
124	6.150184
125	6.209320
126	6.268457
127	6.327593
128	6.386729
129	6.445866
130	6.505002
131	6.564139
132	6.623275
133	6.682411
134	6.741548
135	6.800684
136	6.859820
137	6.918957
138	6.978093
139	7.037230
140	7.096366
141	7.155502
142	7.214639
143	7.273775
144	7.332912
145	7.392048
146	7.451184
147	7.510321
148	7.569457
149	7.628593
150	7.687730
151	7.746866
152	7.806003
153	7.865139
154	7.924275
155	7.983412
156	8.042548
157	8.101685
158	8.160821
159	8.219957
160	8.279094
161	8.338230
162	8.397366
163	8.456503
164	8.515639
165	8.574776
166	8.633912
167	8.693048
168	8.752185
169	8.811321
170	8.870457
171	8.929594
172	8.988730
173	9.047867
174	9.107003
175	9.166139
176	9.225276
177	9.284412
178	9.343549
179	9.402685
180	9.461821
181	9.520958
182	9.580094
183	9.639230
184	9.698367
185	9.757503
186	9.816640
187	9.875776
188	9.934912
189	9.994049
190	10.053185
191	10.112322
192	10.171458
193	10.230594
194	10.289731
195	10.348867
196	10.408003
197	10.467140
198	10.526276
199	10.585413
200	10.644549
201	10.703685
202	10.762822
203	10.821958
204	10.881095
205	10.940231
206	10.999367
207	11.058504
208	11.117640
209	11.176776
210	11.235913
211	11.295049
212	11.354186
213	11.413322
214	11.472458
215	11.531595
216	11.590731
217	11.649867
218	11.709004
219	11.768140
220	11.827277
221	11.886413
222	11.945549
223	12.004686
224	12.063822
225	12.122959
226	12.182095
227	12.241231
228	12.300368
229	12.359504
230	12.418640
231	12.477777
232	12.536913
233	12.596050
234	12.655186
235	12.714322
236	12.773459
237	12.832595
238	12.891732
239	12.950868
240	13.010004
241	13.069141
242	13.128277
243	13.187413
244	13.246550
245	13.305686
246	13.364823
247	13.423959
248	13.483095
249	13.542232
250	13.601368
251	13.660505
252	13.719641
253	13.778777
254	13.837914
255	13.897050
256	13.956186
257	14.015323
258	14.074459
259	14.133596
260	14.192732
261	14.251868
262	14.311005
263	14.370141
264	14.429277
265	14.488414
266	14.547550
267	14.606687
268	14.665823
269	14.724959
270	14.784096
271	14.843232
272	14.902369
273	14.961505
274	15.020641
275	15.079778
276	15.138914
277	15.198050
278	15.257187
279	15.316323
280	15.375460
281	15.434596
282	15.493732
283	15.552869
284	15.612005
285	15.671142
286	15.730278
287	15.789414
288	15.848551
289	15.907687
290	15.966823
291	16.025960
292	16.085096
293	16.144233
294	16.203369
295	16.262505
296	16.321642
297	16.380778
298	16.439915
299	16.499051
300	16.558187
301	16.617324
302	16.676460
303	16.735596
304	16.794733
305	16.853869
306	16.913006
307	16.972142
308	17.031278
309	17.090415
310	17.149551
311	17.208687
312	17.267824
313	17.326960
314	17.386097
315	17.445233
316	17.504369
317	17.563506
318	17.622642
319	17.681779
320	17.740915
321	17.800051
322	17.859188
323	17.918324
324	17.977460
325	18.036597
326	18.095733
327	18.154870
328	18.214006
329	18.273142
330	18.332279
331	18.391415
332	18.450552
333	18.509688
334	18.568824
335	18.627961
336	18.687097
337	18.746233
338	18.805370
339	18.864506
340	18.923643
341	18.982779
342	19.041915
343	19.101052
344	19.160188
345	19.219325
346	19.278461
347	19.337597
348	19.396734
349	19.455870
350	19.515006
351	19.574143
352	19.633279
353	19.692416
354	19.751552
355	19.810688
356	19.869825
357	19.928961
358	19.988097
359	20.047234
360	20.106370
361	20.165507
362	20.224643
363	20.283779
364	20.342916
365	20.402052
366	20.461189
367	20.520325
368	20.579461
369	20.638598
370	20.697734
371	20.756870
372	20.816007
373	20.875143
374	20.934280
375	20.993416
376	21.052552
377	21.111689
378	21.170825
379	21.229962
380	21.289098
381	21.348234
382	21.407371
383	21.466507
384	21.525643
385	21.584780
386	21.643916
387	21.703053
388	21.762189
389	21.821325
390	21.880462
391	21.939598
392	21.998735
393	22.057871
394	22.117007
395	22.176144
396	22.235280
397	22.294416
398	22.353553
399	22.412689
400	22.471826
401	22.530962
402	22.590098
403	22.649235
404	22.708371
405	22.767508
406	22.826644
407	22.885780
408	22.944917
409	23.004053
410	23.063189
411	23.122326
412	23.181462
413	23.240599
414	23.299735
415	23.358871
416	23.418008
417	23.477144
418	23.536280
419	23.595417
420	23.654553
421	23.713690
422	23.772826
423	23.831962
424	23.891099
425	23.950235
426	24.009372
427	24.068508
428	24.127644
429	24.186781
430	24.245917
431	24.305053
432	24.364190
433	24.423326
434	24.482463
435	24.541599
436	24.600735
437	24.659872
438	24.719008
439	24.778145
440	24.837281
441	24.896417
442	24.955554
443	25.014690
444	25.073826
445	25.132963
446	25.192099
447	25.251236
448	25.310372
449	25.369508
450	25.428645
451	25.487781
452	25.546918
453	25.606054
454	25.665190
455	25.724327
456	25.783463
457	25.842599
458	25.901736
459	25.960872
460	26.020009
461	26.079145
462	26.138281
463	26.197418
464	26.256554
465	26.315690
466	26.374827
467	26.433963
468	26.493100
469	26.552236
470	26.611372
471	26.670509
472	26.729645
473	26.788782
474	26.847918
475	26.907054
476	26.966191
477	27.025327
478	27.084463
479	27.143600
480	27.202736
481	27.261873
482	27.321009
483	27.380145
484	27.439282
485	27.498418
486	27.557555
487	27.616691
488	27.675827
489	27.734964
490	27.794100
491	27.853236
492	27.912373
493	27.971509
494	28.030646
495	28.089782
496	28.148918
497	28.208055
498	28.267191
499	28.326328
500	28.385464
501	28.444600
502	28.503737
503	28.562873
504	28.622009
505	28.681146
506	28.740282
507	28.799419
508	28.858555
509	28.917691
510	28.976828
511	29.035964
512	29.095100
513	29.154237
514	29.213373
515	29.272510
516	29.331646
517	29.390782
518	29.449919
519	29.509055
520	29.568192
521	29.627328
522	29.686464
523	29.745601
524	29.804737
525	29.863873
526	29.923010
527	29.982146
528	30.041283
529	30.100419
530	30.159555
531	30.218692
532	30.277828
533	30.336965
534	30.396101
535	30.455237
536	30.514374
537	30.573510
538	30.632646
539	30.691783
540	30.750919
541	30.810056
542	30.869192
543	30.928328
544	30.987465
545	31.046601
546	31.105738
547	31.164874
548	31.224010
549	31.283147
550	31.342283
551	31.401419
552	31.460556
553	31.519692
554	31.578829
555	31.637965
556	31.697101
557	31.756238
558	31.815374
559	31.874510
560	31.933647
561	31.992783
562	32.051920
563	32.111056
564	32.170192
565	32.229329
566	32.288465
567	32.347602
568	32.406738
569	32.465874
570	32.525011
571	32.584147
572	32.643283
573	32.702420
574	32.761556
575	32.820693
576	32.879829
577	32.938965
578	32.998102
579	33.057238
580	33.116375
581	33.175511
582	33.234647
583	33.293784
584	33.352920
585	33.412056
586	33.471193
587	33.530329
588	33.589466
589	33.648602
590	33.707738
591	33.766875
592	33.826011
593	33.885148
594	33.944284
595	34.003420
596	34.062557
597	34.121693
598	34.180829
599	34.239966
600	34.299102
601	34.358239
602	34.417375
603	34.476511
604	34.535648
605	34.594784
606	34.653920
607	34.713057
608	34.772193
609	34.831330
610	34.890466
611	34.949602
612	35.008739
613	35.067875
614	35.127012
615	35.186148
616	35.245284
617	35.304421
618	35.363557
619	35.422693
620	35.481830
621	35.540966
622	35.600103
623	35.659239
624	35.718375
625	35.777512
626	35.836648
627	35.895785
628	35.954921
629	36.014057
630	36.073194
631	36.132330
632	36.191466
633	36.250603
634	36.309739
635	36.368876
636	36.428012
637	36.487148
638	36.546285
639	36.605421
640	36.664558
641	36.723694
642	36.782830
643	36.841967
644	36.901103
645	36.960239
646	37.019376
647	37.078512
648	37.137649
649	37.196785
650	37.255921
651	37.315058
652	37.374194
653	37.433331
654	37.492467
655	37.551603
656	37.610740
657	37.669876
658	37.729012
659	37.788149
660	37.847285
661	37.906422
662	37.965558
663	38.024694
664	38.083831
665	38.142967
666	38.202103
667	38.261240
668	38.320376
669	38.379513
670	38.438649
671	38.497785
672	38.556922
673	38.616058
674	38.675195
675	38.734331
676	38.793467
677	38.852604
678	38.911740
679	38.970876
680	39.030013
681	39.089149
682	39.148286
683	39.207422
684	39.266558
685	39.325695
686	39.384831
687	39.443968
688	39.503104
689	39.562240
690	39.621377
691	39.680513
692	39.739649
693	39.798786
694	39.857922
695	39.917059
696	39.976195
697	40.035331
698	40.094468
699	40.153604
700	40.212741
701	40.271877
702	40.331013
703	40.390150
704	40.449286
705	40.508422
706	40.567559
707	40.626695
708	40.685832
709	40.744968
710	40.804104
711	40.863241
712	40.922377
713	40.981513
714	41.040650
715	41.099786
716	41.158923
717	41.218059
718	41.277195
719	41.336332
720	41.395468
721	41.454605
722	41.513741
723	41.572877
724	41.632014
725	41.691150
726	41.750286
727	41.809423
728	41.868559
729	41.927696
730	41.986832
731	42.045968
732	42.105105
733	42.164241
734	42.223378
735	42.282514
736	42.341650
737	42.400787
738	42.459923
739	42.519059
740	42.578196
741	42.637332
742	42.696469
743	42.755605
744	42.814741
745	42.873878
746	42.933014
747	42.992151
748	43.051287
749	43.110423
750	43.169560
751	43.228696
752	43.287832
753	43.346969
754	43.406105
755	43.465242
756	43.524378
757	43.583514
758	43.642651
759	43.701787
760	43.760923
761	43.820060
762	43.879196
763	43.938333
764	43.997469
765	44.056605
766	44.115742
767	44.174878
768	44.234015
769	44.293151
770	44.352287
771	44.411424
772	44.470560
773	44.529696
774	44.588833
775	44.647969
776	44.707106
777	44.766242
778	44.825378
779	44.884515
780	44.943651
781	45.002788
782	45.061924
783	45.121060
784	45.180197
785	45.239333
786	45.298469
787	45.357606
788	45.416742
789	45.475879
790	45.535015
791	45.594151
792	45.653288
793	45.712424
794	45.771561
795	45.830697
796	45.889833
797	45.948970
798	46.008106
799	46.067242
800	46.126379
801	46.185515
802	46.244652
803	46.303788
804	46.362924
805	46.422061
806	46.481197
807	46.540333
808	46.599470
809	46.658606
810	46.717743
811	46.776879
812	46.836015
813	46.895152
814	46.954288
815	47.013425
816	47.072561
817	47.131697
818	47.190834
819	47.249970
820	47.309106
821	47.368243
822	47.427379
823	47.486516
824	47.545652
825	47.604788
826	47.663925
827	47.723061
828	47.782198
829	47.841334
830	47.900470
831	47.959607
832	48.018743
833	48.077879
834	48.137016
835	48.196152
836	48.255289
837	48.314425
838	48.373561
839	48.432698
840	48.491834
841	48.550971
842	48.610107
843	48.669243
844	48.728380
845	48.787516
846	48.846652
847	48.905789
848	48.964925
849	49.024062
850	49.083198
851	49.142334
852	49.201471
853	49.260607
854	49.319744
855	49.378880
856	49.438016
857	49.497153
858	49.556289
859	49.615425
860	49.674562
861	49.733698
862	49.792835
863	49.851971
864	49.911107
865	49.970244
866	50.029380
867	50.088516
868	50.147653
869	50.206789
870	50.265926
871	50.325062
872	50.384198
873	50.443335
874	50.502471
875	50.561608
876	50.620744
877	50.679880
878	50.739017
879	50.798153
880	50.857289
881	50.916426
882	50.975562
883	51.034699
884	51.093835
885	51.152971
886	51.212108
887	51.271244
888	51.330381
889	51.389517
890	51.448653
891	51.507790
892	51.566926
893	51.626062
894	51.685199
895	51.744335
896	51.803472
897	51.862608
898	51.921744
899	51.980881
900	52.040017
901	52.099154
902	52.158290
903	52.217426
904	52.276563
905	52.335699
906	52.394835
907	52.453972
908	52.513108
909	52.572245
910	52.631381
911	52.690517
912	52.749654
913	52.808790
914	52.867926
915	52.927063
916	52.986199
917	53.045336
918	53.104472
919	53.163608
920	53.222745
921	53.281881
922	53.341018
923	53.400154
924	53.459290
925	53.518427
926	53.577563
927	53.636699
928	53.695836
929	53.754972
930	53.814109
931	53.873245
932	53.932381
933	53.991518
934	54.050654
935	54.109791
936	54.168927
937	54.228063
938	54.287200
939	54.346336
940	54.405472
941	54.464609
942	54.523745
943	54.582882
944	54.642018
945	54.701154
946	54.760291
947	54.819427
948	54.878564
949	54.937700
950	54.996836
951	55.055973
952	55.115109
953	55.174245
954	55.233382
955	55.292518
956	55.351655
957	55.410791
958	55.469927
959	55.529064
960	55.588200
961	55.647336
962	55.706473
963	55.765609
964	55.824746
965	55.883882
966	55.943018
967	56.002155
968	56.061291
969	56.120428
970	56.179564
971	56.238700
972	56.297837
973	56.356973
974	56.416109
975	56.475246
976	56.534382
977	56.593519
978	56.652655
979	56.711791
980	56.770928
981	56.830064
982	56.889201
983	56.948337
984	57.007473
985	57.066610
986	57.125746
987	57.184882
988	57.244019
989	57.303155
990	57.362292
991	57.421428
992	57.480564
993	57.539701
994	57.598837
995	57.657974
996	57.717110
997	57.776246
998	57.835383
999	57.894519
1000	57.953655
1001	58.012792
1002	58.071928
1003	58.131065
1004	58.190201
1005	58.249337
1006	58.308474
1007	58.367610
1008	58.426746
1009	58.485883
1010	58.545019
1011	58.604156
1012	58.663292
1013	58.722428
1014	58.781565
1015	58.840701
1016	58.899838
1017	58.958974
1018	59.018110
1019	59.077247
1020	59.136383
1021	59.195519
1022	59.254656
1023	59.313792
1024	59.372929
1025	59.432065
1026	59.491201
1027	59.550338
1028	59.609474
1029	59.668611
1030	59.727747
1031	59.786883
1032	59.846020
1033	59.905156
1034	59.964292
1035	60.023429
1036	60.082565
1037	60.141702
1038	60.200838
1039	60.259974
1040	60.319111
1041	60.378247
1042	60.437384
1043	60.496520
1044	60.555656
1045	60.614793
1046	60.673929
1047	60.733065
1048	60.792202
1049	60.851338
1050	60.910475
1051	60.969611
1052	61.028747
1053	61.087884
1054	61.147020
1055	61.206156
1056	61.265293
1057	61.324429
1058	61.383566
1059	61.442702
1060	61.501838
1061	61.560975
1062	61.620111
1063	61.679248
1064	61.738384
1065	61.797520
1066	61.856657
1067	61.915793
1068	61.974929
1069	62.034066
1070	62.093202
1071	62.152339
1072	62.211475
1073	62.270611
1074	62.329748
1075	62.388884
1076	62.448021
1077	62.507157
1078	62.566293
1079	62.625430
1080	62.684566
1081	62.743702
1082	62.802839
1083	62.861975
1084	62.921112
1085	62.980248
1086	63.039384
1087	63.098521
1088	63.157657
1089	63.216794
1090	63.275930
1091	63.335066
1092	63.394203
1093	63.453339
1094	63.512475
1095	63.571612
1096	63.630748
1097	63.689885
1098	63.749021
1099	63.808157
1100	63.867294
1101	63.926430
1102	63.985567
1103	64.044703
1104	64.103839
1105	64.162976
1106	64.222112
1107	64.281248
1108	64.340385
1109	64.399521
1110	64.458658
1111	64.517794
1112	64.576930
1113	64.636067
1114	64.695203
1115	64.754339
1116	64.813476
1117	64.872612
1118	64.931749
1119	64.990885
1120	65.050021
1121	65.109158
1122	65.168294
1123	65.227431
1124	65.286567
1125	65.345703
1126	65.404840
1127	65.463976
1128	65.523112
1129	65.582249
1130	65.641385
1131	65.700522
1132	65.759658
1133	65.818794
1134	65.877931
1135	65.937067
1136	65.996204
1137	66.055340
1138	66.114476
1139	66.173613
1140	66.232749
1141	66.291885
1142	66.351022
1143	66.410158
1144	66.469295
1145	66.528431
1146	66.587567
1147	66.646704
1148	66.705840
1149	66.764977
1150	66.824113
1151	66.883249
1152	66.942386
1153	67.001522
1154	67.060658
1155	67.119795
1156	67.178931
1157	67.238068
1158	67.297204
1159	67.356340
1160	67.415477
1161	67.474613
1162	67.533749
1163	67.592886
1164	67.652022
1165	67.711159
1166	67.770295
1167	67.829431
1168	67.888568
1169	67.947704
1170	68.006841
1171	68.065977
1172	68.125113
1173	68.184250
1174	68.243386
1175	68.302522
1176	68.361659
1177	68.420795
1178	68.479932
1179	68.539068
1180	68.598204
1181	68.657341
1182	68.716477
1183	68.775614
1184	68.834750
1185	68.893886
1186	68.953023
1187	69.012159
1188	69.071295
1189	69.130432
1190	69.189568
1191	69.248705
1192	69.307841
1193	69.366977
1194	69.426114
1195	69.485250
1196	69.544387
1197	69.603523
1198	69.662659
1199	69.721796
1200	69.780932
1201	69.840068
1202	69.899205
1203	69.958341
1204	70.017478
1205	70.076614
1206	70.135750
1207	70.194887
1208	70.254023
1209	70.313159
1210	70.372296
1211	70.431432
1212	70.490569
1213	70.549705
1214	70.608841
1215	70.667978
1216	70.727114
1217	70.786251
1218	70.845387
1219	70.904523
1220	70.963660
1221	71.022796
1222	71.081932
1223	71.141069
1224	71.200205
1225	71.259342
1226	71.318478
1227	71.377614
1228	71.436751
1229	71.495887
1230	71.555024
1231	71.614160
1232	71.673296
1233	71.732433
1234	71.791569
1235	71.850705
1236	71.909842
1237	71.968978
1238	72.028115
1239	72.087251
1240	72.146387
1241	72.205524
1242	72.264660
1243	72.323797
1244	72.382933
1245	72.442069
1246	72.501206
1247	72.560342
1248	72.619478
1249	72.678615
1250	72.737751
1251	72.796888
1252	72.856024
1253	72.915160
1254	72.974297
1255	73.033433
1256	73.092569
1257	73.151706
1258	73.210842
1259	73.269979
1260	73.329115
1261	73.388251
1262	73.447388
1263	73.506524
1264	73.565661
1265	73.624797
1266	73.683933
1267	73.743070
1268	73.802206
1269	73.861342
1270	73.920479
1271	73.979615
1272	74.038752
1273	74.097888
1274	74.157024
1275	74.216161
1276	74.275297
1277	74.334434
1278	74.393570
1279	74.452706
1280	74.511843
1281	74.570979
1282	74.630115
1283	74.689252
1284	74.748388
1285	74.807525
1286	74.866661
1287	74.925797
1288	74.984934
1289	75.044070
1290	75.103207
1291	75.162343
1292	75.221479
1293	75.280616
1294	75.339752
1295	75.398888
1296	75.458025
1297	75.517161
1298	75.576298
1299	75.635434
1300	75.694570
1301	75.753707
1302	75.812843
1303	75.871980
1304	75.931116
1305	75.990252
1306	76.049389
1307	76.108525
1308	76.167661
1309	76.226798
1310	76.285934
1311	76.345071
1312	76.404207
1313	76.463343
1314	76.522480
1315	76.581616
1316	76.640752
1317	76.699889
1318	76.759025
1319	76.818162
1320	76.877298
1321	76.936434
1322	76.995571
1323	77.054707
1324	77.113844
1325	77.172980
1326	77.232116
1327	77.291253
1328	77.350389
1329	77.409525
1330	77.468662
1331	77.527798
1332	77.586935
1333	77.646071
1334	77.705207
1335	77.764344
1336	77.823480
1337	77.882617
1338	77.941753
1339	78.000889
1340	78.060026
1341	78.119162
1342	78.178298
1343	78.237435
1344	78.296571
1345	78.355708
1346	78.414844
1347	78.473980
1348	78.533117
1349	78.592253
1350	78.651390
1351	78.710526
1352	78.769662
1353	78.828799
1354	78.887935
1355	78.947071
1356	79.006208
1357	79.065344
1358	79.124481
1359	79.183617
1360	79.242753
1361	79.301890
1362	79.361026
1363	79.420162
1364	79.479299
1365	79.538435
1366	79.597572
1367	79.656708
1368	79.715844
1369	79.774981
1370	79.834117
1371	79.893254
1372	79.952390
1373	80.011526
1374	80.070663
1375	80.129799
1376	80.188935
1377	80.248072
1378	80.307208
1379	80.366345
1380	80.425481
1381	80.484617
1382	80.543754
1383	80.602890
1384	80.662027
1385	80.721163
1386	80.780299
1387	80.839436
1388	80.898572
1389	80.957708
1390	81.016845
1391	81.075981
1392	81.135118
1393	81.194254
1394	81.253390
1395	81.312527
1396	81.371663
1397	81.430800
1398	81.489936
1399	81.549072
1400	81.608209
1401	81.667345
1402	81.726481
1403	81.785618
1404	81.844754
1405	81.903891
1406	81.963027
1407	82.022163
1408	82.081300
1409	82.140436
1410	82.199572
1411	82.258709
1412	82.317845
1413	82.376982
1414	82.436118
1415	82.495254
1416	82.554391
1417	82.613527
1418	82.672664
1419	82.731800
1420	82.790936
1421	82.850073
1422	82.909209
1423	82.968345
1424	83.027482
1425	83.086618
1426	83.145755
1427	83.204891
1428	83.264027
1429	83.323164
1430	83.382300
1431	83.441437
1432	83.500573
1433	83.559709
1434	83.618846
1435	83.677982
1436	83.737118
1437	83.796255
1438	83.855391
1439	83.914528
1440	83.973664
1441	84.032800
1442	84.091937
1443	84.151073
1444	84.210210
1445	84.269346
1446	84.328482
1447	84.387619
1448	84.446755
1449	84.505891
1450	84.565028
1451	84.624164
1452	84.683301
1453	84.742437
1454	84.801573
1455	84.860710
1456	84.919846
1457	84.978982
1458	85.038119
1459	85.097255
1460	85.156392
1461	85.215528
1462	85.274664
1463	85.333801
1464	85.392937
1465	85.452074
1466	85.511210
1467	85.570346
1468	85.629483
1469	85.688619
1470	85.747755
1471	85.806892
1472	85.866028
1473	85.925165
1474	85.984301
1475	86.043437
1476	86.102574
1477	86.161710
1478	86.220847
1479	86.279983
1480	86.339119
1481	86.398256
1482	86.457392
1483	86.516528
1484	86.575665
1485	86.634801
1486	86.693938
1487	86.753074
1488	86.812210
1489	86.871347
1490	86.930483
1491	86.989620
1492	87.048756
1493	87.107892
1494	87.167029
1495	87.226165
1496	87.285301
1497	87.344438
1498	87.403574
1499	87.462711
1500	87.521847
1501	87.580983
1502	87.640120
1503	87.699256
1504	87.758392
1505	87.817529
1506	87.876665
1507	87.935802
1508	87.994938
1509	88.054074
1510	88.113211
1511	88.172347
1512	88.231484
1513	88.290620
1514	88.349756
1515	88.408893
1516	88.468029
1517	88.527165
1518	88.586302
1519	88.645438
1520	88.704575
1521	88.763711
1522	88.822847
1523	88.881984
1524	88.941120
1525	89.000257
1526	89.059393
1527	89.118529
1528	89.177666
1529	89.236802
1530	89.295938
1531	89.355075
1532	89.414211
1533	89.473348
1534	89.532484
1535	89.591620
1536	89.650757
1537	89.709893
1538	89.769030
1539	89.828166
1540	89.887302
1541	89.946439
1542	90.005575
1543	90.064711
1544	90.123848
1545	90.182984
1546	90.242121
1547	90.301257
1548	90.360393
1549	90.419530
1550	90.478666
1551	90.537803
1552	90.596939
1553	90.656075
1554	90.715212
1555	90.774348
1556	90.833484
1557	90.892621
1558	90.951757
1559	91.010894
1560	91.070030
1561	91.129166
1562	91.188303
1563	91.247439
1564	91.306575
1565	91.365712
1566	91.424848
1567	91.483985
1568	91.543121
1569	91.602257
1570	91.661394
1571	91.720530
1572	91.779667
1573	91.838803
1574	91.897939
1575	91.957076
1576	92.016212
1577	92.075348
1578	92.134485
1579	92.193621
1580	92.252758
1581	92.311894
1582	92.371030
1583	92.430167
1584	92.489303
1585	92.548440
1586	92.607576
1587	92.666712
1588	92.725849
1589	92.784985
1590	92.844121
1591	92.903258
1592	92.962394
1593	93.021531
1594	93.080667
1595	93.139803
1596	93.198940
1597	93.258076
1598	93.317213
1599	93.376349
1600	93.435485
1601	93.494622
1602	93.553758
1603	93.612894
1604	93.672031
1605	93.731167
1606	93.790304
1607	93.849440
1608	93.908576
1609	93.967713
1610	94.026849
1611	94.085985
1612	94.145122
1613	94.204258
1614	94.263395
1615	94.322531
1616	94.381667
1617	94.440804
1618	94.499940
1619	94.559077
1620	94.618213
1621	94.677349
1622	94.736486
1623	94.795622
1624	94.854758
1625	94.913895
1626	94.973031
1627	95.032168
1628	95.091304
1629	95.150440
1630	95.209577
1631	95.268713
1632	95.327850
1633	95.386986
1634	95.446122
1635	95.505259
1636	95.564395
1637	95.623531
1638	95.682668
1639	95.741804
1640	95.800941
1641	95.860077
1642	95.919213
1643	95.978350
1644	96.037486
1645	96.096623
1646	96.155759
1647	96.214895
1648	96.274032
1649	96.333168
1650	96.392304
1651	96.451441
1652	96.510577
1653	96.569714
1654	96.628850
1655	96.687986
1656	96.747123
1657	96.806259
1658	96.865395
1659	96.924532
1660	96.983668
1661	97.042805
1662	97.101941
1663	97.161077
1664	97.220214
1665	97.279350
1666	97.338487
1667	97.397623
1668	97.456759
1669	97.515896
1670	97.575032
1671	97.634168
1672	97.693305
1673	97.752441
1674	97.811578
1675	97.870714
1676	97.929850
1677	97.988987
1678	98.048123
1679	98.107260
1680	98.166396
1681	98.225532
1682	98.284669
1683	98.343805
1684	98.402941
1685	98.462078
1686	98.521214
1687	98.580351
1688	98.639487
1689	98.698623
1690	98.757760
1691	98.816896
1692	98.876033
1693	98.935169
1694	98.994305
1695	99.053442
1696	99.112578
1697	99.171714
1698	99.230851
1699	99.289987
1700	99.349124
1701	99.408260
1702	99.467396
1703	99.526533
1704	99.585669
1705	99.644805
1706	99.703942
1707	99.763078
1708	99.822215
1709	99.881351
1710	99.940487
1711	99.999624
1712	100.058760
1713	100.117897
1714	100.177033
1715	100.236169
1716	100.295306
1717	100.354442
1718	100.413578
1719	100.472715
1720	100.531851
1721	100.590988
1722	100.650124
1723	100.709260
1724	100.768397
1725	100.827533
1726	100.886670
1727	100.945806
1728	101.004942
1729	101.064079
1730	101.123215
1731	101.182351
1732	101.241488
1733	101.300624
1734	101.359761
1735	101.418897
1736	101.478033
1737	101.537170
1738	101.596306
1739	101.655443
1740	101.714579
1741	101.773715
1742	101.832852
1743	101.891988
1744	101.951124
1745	102.010261
1746	102.069397
1747	102.128534
1748	102.187670
1749	102.246806
1750	102.305943
1751	102.365079
1752	102.424215
1753	102.483352
1754	102.542488
1755	102.601625
1756	102.660761
1757	102.719897
1758	102.779034
1759	102.838170
1760	102.897307
1761	102.956443
1762	103.015579
1763	103.074716
1764	103.133852
1765	103.192988
1766	103.252125
1767	103.311261
1768	103.370398
1769	103.429534
1770	103.488670
1771	103.547807
1772	103.606943
1773	103.666080
1774	103.725216
1775	103.784352
1776	103.843489
1777	103.902625
1778	103.961761
1779	104.020898
1780	104.080034
1781	104.139171
1782	104.198307
1783	104.257443
1784	104.316580
1785	104.375716
1786	104.434853
1787	104.493989
1788	104.553125
1789	104.612262
1790	104.671398
1791	104.730534
1792	104.789671
1793	104.848807
1794	104.907944
1795	104.967080
1796	105.026216
1797	105.085353
1798	105.144489
1799	105.203626
1800	105.262762
1801	105.321898
1802	105.381035
1803	105.440171
1804	105.499307
1805	105.558444
1806	105.617580
1807	105.676717
1808	105.735853
1809	105.794989
1810	105.854126
1811	105.913262
1812	105.972398
1813	106.031535
1814	106.090671
1815	106.149808
1816	106.208944
1817	106.268080
1818	106.327217
1819	106.386353
1820	106.445490
1821	106.504626
1822	106.563762
1823	106.622899
1824	106.682035
1825	106.741171
1826	106.800308
1827	106.859444
1828	106.918581
1829	106.977717
1830	107.036853
1831	107.095990
1832	107.155126
1833	107.214263
1834	107.273399
1835	107.332535
1836	107.391672
1837	107.450808
1838	107.509944
1839	107.569081
1840	107.628217
1841	107.687354
1842	107.746490
1843	107.805626
1844	107.864763
1845	107.923899
1846	107.983036
1847	108.042172
1848	108.101308
1849	108.160445
1850	108.219581
1851	108.278717
1852	108.337854
1853	108.396990
1854	108.456127
1855	108.515263
1856	108.574399
1857	108.633536
1858	108.692672
1859	108.751808
1860	108.810945
1861	108.870081
1862	108.929218
1863	108.988354
1864	109.047490
1865	109.106627
1866	109.165763
1867	109.224900
1868	109.284036
1869	109.343172
1870	109.402309
1871	109.461445
1872	109.520581
1873	109.579718
1874	109.638854
1875	109.697991
1876	109.757127
1877	109.816263
1878	109.875400
1879	109.934536
1880	109.993673
1881	110.052809
1882	110.111945
1883	110.171082
1884	110.230218
1885	110.289354
1886	110.348491
1887	110.407627
1888	110.466764
1889	110.525900
1890	110.585036
1891	110.644173
1892	110.703309
1893	110.762446
1894	110.821582
1895	110.880718
1896	110.939855
1897	110.998991
1898	111.058127
1899	111.117264
1900	111.176400
1901	111.235537
1902	111.294673
1903	111.353809
1904	111.412946
1905	111.472082
1906	111.531218
1907	111.590355
1908	111.649491
1909	111.708628
1910	111.767764
1911	111.826900
1912	111.886037
1913	111.945173
1914	112.004310
1915	112.063446
1916	112.122582
1917	112.181719
1918	112.240855
1919	112.299991
1920	112.359128
1921	112.418264
1922	112.477401
1923	112.536537
1924	112.595673
1925	112.654810
1926	112.713946
1927	112.773083
1928	112.832219
1929	112.891355
1930	112.950492
1931	113.009628
1932	113.068764
1933	113.127901
1934	113.187037
1935	113.246174
1936	113.305310
1937	113.364446
1938	113.423583
1939	113.482719
1940	113.541856
1941	113.600992
1942	113.660128
1943	113.719265
1944	113.778401
1945	113.837537
1946	113.896674
1947	113.955810
1948	114.014947
1949	114.074083
1950	114.133219
1951	114.192356
1952	114.251492
1953	114.310628
1954	114.369765
1955	114.428901
1956	114.488038
1957	114.547174
1958	114.606310
1959	114.665447
1960	114.724583
1961	114.783720
1962	114.842856
1963	114.901992
1964	114.961129
1965	115.020265
1966	115.079401
1967	115.138538
1968	115.197674
1969	115.256811
1970	115.315947
1971	115.375083
1972	115.434220
1973	115.493356
1974	115.552493
1975	115.611629
1976	115.670765
1977	115.729902
1978	115.789038
1979	115.848174
1980	115.907311
1981	115.966447
1982	116.025584
1983	116.084720
1984	116.143856
1985	116.202993
1986	116.262129
1987	116.321266
1988	116.380402
1989	116.439538
1990	116.498675
1991	116.557811
1992	116.616947
1993	116.676084
1994	116.735220
1995	116.794357
1996	116.853493
1997	116.912629
1998	116.971766
1999	117.030902
2000	117.090039
2001	117.149175
2002	117.208311
2003	117.267448
2004	117.326584
2005	117.385720
2006	117.444857
2007	117.503993
2008	117.563130
2009	117.622266
2010	117.681402
2011	117.740539
2012	117.799675
2013	117.858811
2014	117.917948
2015	117.977084
2016	118.036221
2017	118.095357
2018	118.154493
2019	118.213630
2020	118.272766
2021	118.331903
2022	118.391039
2023	118.450175
2024	118.509312
2025	118.568448
2026	118.627584
2027	118.686721
2028	118.745857
2029	118.804994
2030	118.864130
2031	118.923266
2032	118.982403
2033	119.041539
2034	119.100676
2035	119.159812
2036	119.218948
2037	119.278085
2038	119.337221
2039	119.396357
2040	119.455494
2041	119.514630
2042	119.573767
2043	119.632903
2044	119.692039
2045	119.751176
2046	119.810312
2047	119.869449
