0	-1.182722
1	-1.123586
2	-1.064450
3	-1.005314
4	-0.946178
5	-0.887042
6	-0.827906
7	-0.768769
8	-0.709633
9	-0.650497
10	-0.591361
11	-0.532225
12	-0.473089
13	-0.413953
14	-0.354817
15	-0.295681
16	-0.236544
17	-0.177408
18	-0.118272
19	-0.059136
20	0.000000
21	0.059136
22	0.118272
23	0.177408
24	0.236544
25	0.295681
26	0.354817
27	0.413953
28	0.473089
29	0.532225
30	0.591361
31	0.650497
32	0.709633
33	0.768769
34	0.827906
35	0.887042
36	0.946178
37	1.005314
38	1.064450
39	1.123586
40	1.182722
41	1.241858
42	1.300994
43	1.360131
44	1.419267
45	1.478403
46	1.537539
47	1.596675
48	1.655811
49	1.714947
50	1.774083
51	1.833219
52	1.892356
53	1.951492
54	2.010628
55	2.069764
56	2.128900
57	2.188036
58	2.247172
59	2.306308
60	2.365444
61	2.424581
62	2.483717
63	2.542853
64	2.601989
65	2.661125
66	2.720261
67	2.779397
68	2.838533
69	2.897669
70	2.956806
71	3.015942
72	3.075078
73	3.134214
74	3.193350
75	3.252486
76	3.311622
77	3.370758
78	3.429894
79	3.489031
80	3.548167
81	3.607303
82	3.666439
83	3.725575
84	3.784711
85	3.843847
86	3.902983
87	3.962119
88	4.021256
89	4.080392
90	4.139528
91	4.198664
92	4.257800
93	4.316936
94	4.376072
95	4.435208
96	4.494344
97	4.553481
98	4.612617
99	4.671753
100	4.730889
101	4.790025
102	4.849161
103	4.908297
104	4.967433
105	5.026569
106	5.085706
107	5.144842
108	5.203978
109	5.263114
110	5.322250
111	5.381386
112	5.440522
113	5.499658
114	5.558794
115	5.617931
116	5.677067
117	5.736203
118	5.795339
119	5.854475
120	5.913611
121	5.972747
122	6.031883
123	6.091019
124	6.150156
125	6.209292
126	6.268428
127	6.327564
128	6.386700
129	6.445836
130	6.504972
131	6.564108
132	6.623244
133	6.682381
134	6.741517
135	6.800653
136	6.859789
137	6.918925
138	6.978061
139	7.037197
140	7.096333
141	7.155469
142	7.214606
143	7.273742
144	7.332878
145	7.392014
146	7.451150
147	7.510286
148	7.569422
149	7.628558
150	7.687695
151	7.746831
152	7.805967
153	7.865103
154	7.924239
155	7.983375
156	8.042511
157	8.101647
158	8.160783
159	8.219920
160	8.279056
161	8.338192
162	8.397328
163	8.456464
164	8.515600
165	8.574736
166	8.633872
167	8.693008
168	8.752145
169	8.811281
170	8.870417
171	8.929553
172	8.988689
173	9.047825
174	9.106961
175	9.166097
176	9.225233
177	9.284370
178	9.343506
179	9.402642
180	9.461778
181	9.520914
182	9.580050
183	9.639186
184	9.698322
185	9.757458
186	9.816595
187	9.875731
188	9.934867
189	9.994003
190	10.053139
191	10.112275
192	10.171411
193	10.230547
194	10.289683
195	10.348820
196	10.407956
197	10.467092
198	10.526228
199	10.585364
200	10.644500
201	10.703636
202	10.762772
203	10.821908
204	10.881045
205	10.940181
206	10.999317
207	11.058453
208	11.117589
209	11.176725
210	11.235861
211	11.294997
212	11.354133
213	11.413270
214	11.472406
215	11.531542
216	11.590678
217	11.649814
218	11.708950
219	11.768086
220	11.827222
221	11.886358
222	11.945495
223	12.004631
224	12.063767
225	12.122903
226	12.182039
227	12.241175
228	12.300311
229	12.359447
230	12.418583
231	12.477720
232	12.536856
233	12.595992
234	12.655128
235	12.714264
236	12.773400
237	12.832536
238	12.891672
239	12.950808
240	13.009945
241	13.069081
242	13.128217
243	13.187353
244	13.246489
245	13.305625
246	13.364761
247	13.423897
248	13.483033
249	13.542170
250	13.601306
251	13.660442
252	13.719578
253	13.778714
254	13.837850
255	13.896986
256	13.956122
257	14.015258
258	14.074395
259	14.133531
260	14.192667
261	14.251803
262	14.310939
263	14.370075
264	14.429211
265	14.488347
266	14.547483
267	14.606620
268	14.665756
269	14.724892
270	14.784028
271	14.843164
272	14.902300
273	14.961436
274	15.020572
275	15.079708
276	15.138845
277	15.197981
278	15.257117
279	15.316253
280	15.375389
281	15.434525
282	15.493661
283	15.552797
284	15.611933
285	15.671070
286	15.730206
287	15.789342
288	15.848478
289	15.907614
290	15.966750
291	16.025886
292	16.085022
293	16.144158
294	16.203295
295	16.262431
296	16.321567
297	16.380703
298	16.439839
299	16.498975
300	16.558111
301	16.617247
302	16.676383
303	16.735520
304	16.794656
305	16.853792
306	16.912928
307	16.972064
308	17.031200
309	17.090336
310	17.149472
311	17.208608
312	17.267745
313	17.326881
314	17.386017
315	17.445153
316	17.504289
317	17.563425
318	17.622561
319	17.681697
320	17.740833
321	17.799970
322	17.859106
323	17.918242
324	17.977378
325	18.036514
326	18.095650
327	18.154786
328	18.213922
329	18.273058
330	18.332195
331	18.391331
332	18.450467
333	18.509603
334	18.568739
335	18.627875
336	18.687011
337	18.746147
338	18.805283
339	18.864420
340	18.923556
341	18.982692
342	19.041828
343	19.100964
344	19.160100
345	19.219236
346	19.278372
347	19.337508
348	19.396645
349	19.455781
350	19.514917
351	19.574053
352	19.633189
353	19.692325
354	19.751461
355	19.810597
356	19.869733
357	19.928870
358	19.988006
359	20.047142
360	20.106278
361	20.165414
362	20.224550
363	20.283686
364	20.342822
365	20.401958
366	20.461095
367	20.520231
368	20.579367
369	20.638503
370	20.697639
371	20.756775
372	20.815911
373	20.875047
374	20.934183
375	20.993320
376	21.052456
377	21.111592
378	21.170728
379	21.229864
380	21.289000
381	21.348136
382	21.407272
383	21.466409
384	21.525545
385	21.584681
386	21.643817
387	21.702953
388	21.762089
389	21.821225
390	21.880361
391	21.939497
392	21.998634
393	22.057770
394	22.116906
395	22.176042
396	22.235178
397	22.294314
398	22.353450
399	22.412586
400	22.471722
401	22.530859
402	22.589995
403	22.649131
404	22.708267
405	22.767403
406	22.826539
407	22.885675
408	22.944811
409	23.003947
410	23.063084
411	23.122220
412	23.181356
413	23.240492
414	23.299628
415	23.358764
416	23.417900
417	23.477036
418	23.536172
419	23.595309
420	23.654445
421	23.713581
422	23.772717
423	23.831853
424	23.890989
425	23.950125
426	24.009261
427	24.068397
428	24.127534
429	24.186670
430	24.245806
431	24.304942
432	24.364078
433	24.423214
434	24.482350
435	24.541486
436	24.600622
437	24.659759
438	24.718895
439	24.778031
440	24.837167
441	24.896303
442	24.955439
443	25.014575
444	25.073711
445	25.132847
446	25.191984
447	25.251120
448	25.310256
449	25.369392
450	25.428528
451	25.487664
452	25.546800
453	25.605936
454	25.665072
455	25.724209
456	25.783345
457	25.842481
458	25.901617
459	25.960753
460	26.019889
461	26.079025
462	26.138161
463	26.197297
464	26.256434
465	26.315570
466	26.374706
467	26.433842
468	26.492978
469	26.552114
470	26.611250
471	26.670386
472	26.729522
473	26.788659
474	26.847795
475	26.906931
476	26.966067
477	27.025203
478	27.084339
479	27.143475
480	27.202611
481	27.261747
482	27.320884
483	27.380020
484	27.439156
485	27.498292
486	27.557428
487	27.616564
488	27.675700
489	27.734836
490	27.793972
491	27.853109
492	27.912245
493	27.971381
494	28.030517
495	28.089653
496	28.148789
497	28.207925
498	28.267061
499	28.326197
500	28.385334
501	28.444470
502	28.503606
503	28.562742
504	28.621878
505	28.681014
506	28.740150
507	28.799286
508	28.858422
509	28.917559
510	28.976695
511	29.035831
512	29.094967
513	29.154103
514	29.213239
515	29.272375
516	29.331511
517	29.390647
518	29.449784
519	29.508920
520	29.568056
521	29.627192
522	29.686328
523	29.745464
524	29.804600
525	29.863736
526	29.922872
527	29.982009
528	30.041145
529	30.100281
530	30.159417
531	30.218553
532	30.277689
533	30.336825
534	30.395961
535	30.455097
536	30.514234
537	30.573370
538	30.632506
539	30.691642
540	30.750778
541	30.809914
542	30.869050
543	30.928186
544	30.987322
545	31.046459
546	31.105595
547	31.164731
548	31.223867
549	31.283003
550	31.342139
551	31.401275
552	31.460411
553	31.519547
554	31.578684
555	31.637820
556	31.696956
557	31.756092
558	31.815228
559	31.874364
560	31.933500
561	31.992636
562	32.051772
563	32.110909
564	32.170045
565	32.229181
566	32.288317
567	32.347453
568	32.406589
569	32.465725
570	32.524861
571	32.583997
572	32.643134
573	32.702270
574	32.761406
575	32.820542
576	32.879678
577	32.938814
578	32.997950
579	33.057086
580	33.116222
581	33.175359
582	33.234495
583	33.293631
584	33.352767
585	33.411903
586	33.471039
587	33.530175
588	33.589311
589	33.648447
590	33.707584
591	33.766720
592	33.825856
593	33.884992
594	33.944128
595	34.003264
596	34.062400
597	34.121536
598	34.180672
599	34.239809
600	34.298945
601	34.358081
602	34.417217
603	34.476353
604	34.535489
605	34.594625
606	34.653761
607	34.712897
608	34.772034
609	34.831170
610	34.890306
611	34.949442
612	35.008578
613	35.067714
614	35.126850
615	35.185986
616	35.245123
617	35.304259
618	35.363395
619	35.422531
620	35.481667
621	35.540803
622	35.599939
623	35.659075
624	35.718211
625	35.777348
626	35.836484
627	35.895620
628	35.954756
629	36.013892
630	36.073028
631	36.132164
632	36.191300
633	36.250436
634	36.309573
635	36.368709
636	36.427845
637	36.486981
638	36.546117
639	36.605253
640	36.664389
641	36.723525
642	36.782661
643	36.841798
644	36.900934
645	36.960070
646	37.019206
647	37.078342
648	37.137478
649	37.196614
650	37.255750
651	37.314886
652	37.374023
653	37.433159
654	37.492295
655	37.551431
656	37.610567
657	37.669703
658	37.728839
659	37.787975
660	37.847111
661	37.906248
662	37.965384
663	38.024520
664	38.083656
665	38.142792
666	38.201928
667	38.261064
668	38.320200
669	38.379336
670	38.438473
671	38.497609
672	38.556745
673	38.615881
674	38.675017
675	38.734153
676	38.793289
677	38.852425
678	38.911561
679	38.970698
680	39.029834
681	39.088970
682	39.148106
683	39.207242
684	39.266378
685	39.325514
686	39.384650
687	39.443786
688	39.502923
689	39.562059
690	39.621195
691	39.680331
692	39.739467
693	39.798603
694	39.857739
695	39.916875
696	39.976011
697	40.035148
698	40.094284
699	40.153420
700	40.212556
701	40.271692
702	40.330828
703	40.389964
704	40.449100
705	40.508236
706	40.567373
707	40.626509
708	40.685645
709	40.744781
710	40.803917
711	40.863053
712	40.922189
713	40.981325
714	41.040461
715	41.099598
716	41.158734
717	41.217870
718	41.277006
719	41.336142
720	41.395278
721	41.454414
722	41.513550
723	41.572686
724	41.631823
725	41.690959
726	41.750095
727	41.809231
728	41.868367
729	41.927503
730	41.986639
731	42.045775
732	42.104911
733	42.164048
734	42.223184
735	42.282320
736	42.341456
737	42.400592
738	42.459728
739	42.518864
740	42.578000
741	42.637136
742	42.696273
743	42.755409
744	42.814545
745	42.873681
746	42.932817
747	42.991953
748	43.051089
749	43.110225
750	43.169361
751	43.228498
752	43.287634
753	43.346770
754	43.405906
755	43.465042
756	43.524178
757	43.583314
758	43.642450
759	43.701586
760	43.760723
761	43.819859
762	43.878995
763	43.938131
764	43.997267
765	44.056403
766	44.115539
767	44.174675
768	44.233811
769	44.292948
770	44.352084
771	44.411220
772	44.470356
773	44.529492
774	44.588628
775	44.647764
776	44.706900
777	44.766036
778	44.825173
779	44.884309
780	44.943445
781	45.002581
782	45.061717
783	45.120853
784	45.179989
785	45.239125
786	45.298261
787	45.357398
788	45.416534
789	45.475670
790	45.534806
791	45.593942
792	45.653078
793	45.712214
794	45.771350
795	45.830486
796	45.889623
797	45.948759
798	46.007895
799	46.067031
800	46.126167
801	46.185303
802	46.244439
803	46.303575
804	46.362711
805	46.421848
806	46.480984
807	46.540120
808	46.599256
809	46.658392
810	46.717528
811	46.776664
812	46.835800
813	46.894936
814	46.954073
815	47.013209
816	47.072345
817	47.131481
818	47.190617
819	47.249753
820	47.308889
821	47.368025
822	47.427161
823	47.486298
824	47.545434
825	47.604570
826	47.663706
827	47.722842
828	47.781978
829	47.841114
830	47.900250
831	47.959386
832	48.018523
833	48.077659
834	48.136795
835	48.195931
836	48.255067
837	48.314203
838	48.373339
839	48.432475
840	48.491611
841	48.550748
842	48.609884
843	48.669020
844	48.728156
845	48.787292
846	48.846428
847	48.905564
848	48.964700
849	49.023837
850	49.082973
851	49.142109
852	49.201245
853	49.260381
854	49.319517
855	49.378653
856	49.437789
857	49.496925
858	49.556062
859	49.615198
860	49.674334
861	49.733470
862	49.792606
863	49.851742
864	49.910878
865	49.970014
866	50.029150
867	50.088287
868	50.147423
869	50.206559
870	50.265695
871	50.324831
872	50.383967
873	50.443103
874	50.502239
875	50.561375
876	50.620512
877	50.679648
878	50.738784
879	50.797920
880	50.857056
881	50.916192
882	50.975328
883	51.034464
884	51.093600
885	51.152737
886	51.211873
887	51.271009
888	51.330145
889	51.389281
890	51.448417
891	51.507553
892	51.566689
893	51.625825
894	51.684962
895	51.744098
896	51.803234
897	51.862370
898	51.921506
899	51.980642
900	52.039778
901	52.098914
902	52.158050
903	52.217187
904	52.276323
905	52.335459
906	52.394595
907	52.453731
908	52.512867
909	52.572003
910	52.631139
911	52.690275
912	52.749412
913	52.808548
914	52.867684
915	52.926820
916	52.985956
917	53.045092
918	53.104228
919	53.163364
920	53.222500
921	53.281637
922	53.340773
923	53.399909
924	53.459045
925	53.518181
926	53.577317
927	53.636453
928	53.695589
929	53.754725
930	53.813862
931	53.872998
932	53.932134
933	53.991270
934	54.050406
935	54.109542
936	54.168678
937	54.227814
938	54.286950
939	54.346087
940	54.405223
941	54.464359
942	54.523495
943	54.582631
944	54.641767
945	54.700903
946	54.760039
947	54.819175
948	54.878312
949	54.937448
950	54.996584
951	55.055720
952	55.114856
953	55.173992
954	55.233128
955	55.292264
956	55.351400
957	55.410537
958	55.469673
959	55.528809
960	55.587945
961	55.647081
962	55.706217
963	55.765353
964	55.824489
965	55.883625
966	55.942762
967	56.001898
968	56.061034
969	56.120170
970	56.179306
971	56.238442
972	56.297578
973	56.356714
974	56.415850
975	56.474987
976	56.534123
977	56.593259
978	56.652395
979	56.711531
980	56.770667
981	56.829803
982	56.888939
983	56.948075
984	57.007212
985	57.066348
986	57.125484
987	57.184620
988	57.243756
989	57.302892
990	57.362028
991	57.421164
992	57.480300
993	57.539437
994	57.598573
995	57.657709
996	57.716845
997	57.775981
998	57.835117
999	57.894253
1000	57.953389
1001	58.012525
1002	58.071662
1003	58.130798
1004	58.189934
1005	58.249070
1006	58.308206
1007	58.367342
1008	58.426478
1009	58.485614
1010	58.544750
1011	58.603887
1012	58.663023
1013	58.722159
1014	58.781295
1015	58.840431
1016	58.899567
1017	58.958703
1018	59.017839
1019	59.076975
1020	59.136112
1021	59.195248
1022	59.254384
1023	59.313520
1024	59.372656
1025	59.431792
1026	59.490928
1027	59.550064
1028	59.609200
1029	59.668337
1030	59.727473
1031	59.786609
1032	59.845745
1033	59.904881
1034	59.964017
1035	60.023153
1036	60.082289
1037	60.141425
1038	60.200562
1039	60.259698
1040	60.318834
1041	60.377970
1042	60.437106
1043	60.496242
1044	60.555378
1045	60.614514
1046	60.673650
1047	60.732787
1048	60.791923
1049	60.851059
1050	60.910195
1051	60.969331
1052	61.028467
1053	61.087603
1054	61.146739
1055	61.205875
1056	61.265012
1057	61.324148
1058	61.383284
1059	61.442420
1060	61.501556
1061	61.560692
1062	61.619828
1063	61.678964
1064	61.738100
1065	61.797237
1066	61.856373
1067	61.915509
1068	61.974645
1069	62.033781
1070	62.092917
1071	62.152053
1072	62.211189
1073	62.270325
1074	62.329462
1075	62.388598
1076	62.447734
1077	62.506870
1078	62.566006
1079	62.625142
1080	62.684278
1081	62.743414
1082	62.802551
1083	62.861687
1084	62.920823
1085	62.979959
1086	63.039095
1087	63.098231
1088	63.157367
1089	63.216503
1090	63.275639
1091	63.334776
1092	63.393912
1093	63.453048
1094	63.512184
1095	63.571320
1096	63.630456
1097	63.689592
1098	63.748728
1099	63.807864
1100	63.867001
1101	63.926137
1102	63.985273
1103	64.044409
1104	64.103545
1105	64.162681
1106	64.221817
1107	64.280953
1108	64.340089
1109	64.399226
1110	64.458362
1111	64.517498
1112	64.576634
1113	64.635770
1114	64.694906
1115	64.754042
1116	64.813178
1117	64.872314
1118	64.931451
1119	64.990587
1120	65.049723
1121	65.108859
1122	65.167995
1123	65.227131
1124	65.286267
1125	65.345403
1126	65.404539
1127	65.463676
1128	65.522812
1129	65.581948
1130	65.641084
1131	65.700220
1132	65.759356
1133	65.818492
1134	65.877628
1135	65.936764
1136	65.995901
1137	66.055037
1138	66.114173
1139	66.173309
1140	66.232445
1141	66.291581
1142	66.350717
1143	66.409853
1144	66.468989
1145	66.528126
1146	66.587262
1147	66.646398
1148	66.705534
1149	66.764670
1150	66.823806
1151	66.882942
1152	66.942078
1153	67.001214
1154	67.060351
1155	67.119487
1156	67.178623
1157	67.237759
1158	67.296895
1159	67.356031
1160	67.415167
1161	67.474303
1162	67.533439
1163	67.592576
1164	67.651712
1165	67.710848
1166	67.769984
1167	67.829120
1168	67.888256
1169	67.947392
1170	68.006528
1171	68.065664
1172	68.124801
1173	68.183937
1174	68.243073
1175	68.302209
1176	68.361345
1177	68.420481
1178	68.479617
1179	68.538753
1180	68.597889
1181	68.657026
1182	68.716162
1183	68.775298
1184	68.834434
1185	68.893570
1186	68.952706
1187	69.011842
1188	69.070978
1189	69.130114
1190	69.189251
1191	69.248387
1192	69.307523
1193	69.366659
1194	69.425795
1195	69.484931
1196	69.544067
1197	69.603203
1198	69.662339
1199	69.721476
1200	69.780612
1201	69.839748
1202	69.898884
1203	69.958020
1204	70.017156
1205	70.076292
1206	70.135428
1207	70.194564
1208	70.253701
1209	70.312837
1210	70.371973
1211	70.431109
1212	70.490245
1213	70.549381
1214	70.608517
1215	70.667653
1216	70.726789
1217	70.785926
1218	70.845062
1219	70.904198
1220	70.963334
1221	71.022470
1222	71.081606
1223	71.140742
1224	71.199878
1225	71.259014
1226	71.318151
1227	71.377287
1228	71.436423
1229	71.495559
1230	71.554695
1231	71.613831
1232	71.672967
1233	71.732103
1234	71.791239
1235	71.850376
1236	71.909512
1237	71.968648
1238	72.027784
1239	72.086920
1240	72.146056
1241	72.205192
1242	72.264328
1243	72.323464
1244	72.382601
1245	72.441737
1246	72.500873
1247	72.560009
1248	72.619145
1249	72.678281
1250	72.737417
1251	72.796553
1252	72.855689
1253	72.914826
1254	72.973962
1255	73.033098
1256	73.092234
1257	73.151370
1258	73.210506
1259	73.269642
1260	73.328778
1261	73.387914
1262	73.447051
1263	73.506187
1264	73.565323
1265	73.624459
1266	73.683595
1267	73.742731
1268	73.801867
1269	73.861003
1270	73.920139
1271	73.979276
1272	74.038412
1273	74.097548
1274	74.156684
1275	74.215820
1276	74.274956
1277	74.334092
1278	74.393228
1279	74.452364
1280	74.511501
1281	74.570637
1282	74.629773
1283	74.688909
1284	74.748045
1285	74.807181
1286	74.866317
1287	74.925453
1288	74.984589
1289	75.043726
1290	75.102862
1291	75.161998
1292	75.221134
1293	75.280270
1294	75.339406
1295	75.398542
1296	75.457678
1297	75.516814
1298	75.575951
1299	75.635087
1300	75.694223
1301	75.753359
1302	75.812495
1303	75.871631
1304	75.930767
1305	75.989903
1306	76.049039
1307	76.108176
1308	76.167312
1309	76.226448
1310	76.285584
1311	76.344720
1312	76.403856
1313	76.462992
1314	76.522128
1315	76.581265
1316	76.640401
1317	76.699537
1318	76.758673
1319	76.817809
1320	76.876945
1321	76.936081
1322	76.995217
1323	77.054353
1324	77.113490
1325	77.172626
1326	77.231762
1327	77.290898
1328	77.350034
1329	77.409170
1330	77.468306
1331	77.527442
1332	77.586578
1333	77.645715
1334	77.704851
1335	77.763987
1336	77.823123
1337	77.882259
1338	77.941395
1339	78.000531
1340	78.059667
1341	78.118803
1342	78.177940
1343	78.237076
1344	78.296212
1345	78.355348
1346	78.414484
1347	78.473620
1348	78.532756
1349	78.591892
1350	78.651028
1351	78.710165
1352	78.769301
1353	78.828437
1354	78.887573
1355	78.946709
1356	79.005845
1357	79.064981
1358	79.124117
1359	79.183253
1360	79.242390
1361	79.301526
1362	79.360662
1363	79.419798
1364	79.478934
1365	79.538070
1366	79.597206
1367	79.656342
1368	79.715478
1369	79.774615
1370	79.833751
1371	79.892887
1372	79.952023
1373	80.011159
1374	80.070295
1375	80.129431
1376	80.188567
1377	80.247703
1378	80.306840
1379	80.365976
1380	80.425112
1381	80.484248
1382	80.543384
1383	80.602520
1384	80.661656
1385	80.720792
1386	80.779928
1387	80.839065
1388	80.898201
1389	80.957337
1390	81.016473
1391	81.075609
1392	81.134745
1393	81.193881
1394	81.253017
1395	81.312153
1396	81.371290
1397	81.430426
1398	81.489562
1399	81.548698
1400	81.607834
1401	81.666970
1402	81.726106
1403	81.785242
1404	81.844378
1405	81.903515
1406	81.962651
1407	82.021787
1408	82.080923
1409	82.140059
1410	82.199195
1411	82.258331
1412	82.317467
1413	82.376603
1414	82.435740
1415	82.494876
1416	82.554012
1417	82.613148
1418	82.672284
1419	82.731420
1420	82.790556
1421	82.849692
1422	82.908828
1423	82.967965
1424	83.027101
1425	83.086237
1426	83.145373
1427	83.204509
1428	83.263645
1429	83.322781
1430	83.381917
1431	83.441053
1432	83.500190
1433	83.559326
1434	83.618462
1435	83.677598
1436	83.736734
1437	83.795870
1438	83.855006
1439	83.914142
1440	83.973278
1441	84.032415
1442	84.091551
1443	84.150687
1444	84.209823
1445	84.268959
1446	84.328095
1447	84.387231
1448	84.446367
1449	84.505503
1450	84.564640
1451	84.623776
1452	84.682912
1453	84.742048
1454	84.801184
1455	84.860320
1456	84.919456
1457	84.978592
1458	85.037728
1459	85.096865
1460	85.156001
1461	85.215137
1462	85.274273
1463	85.333409
1464	85.392545
1465	85.451681
1466	85.510817
1467	85.569953
1468	85.629090
1469	85.688226
1470	85.747362
1471	85.806498
1472	85.865634
1473	85.924770
1474	85.983906
1475	86.043042
1476	86.102178
1477	86.161315
1478	86.220451
1479	86.279587
1480	86.338723
1481	86.397859
1482	86.456995
1483	86.516131
1484	86.575267
1485	86.634403
1486	86.693540
1487	86.752676
1488	86.811812
1489	86.870948
1490	86.930084
1491	86.989220
1492	87.048356
1493	87.107492
1494	87.166628
1495	87.225765
1496	87.284901
1497	87.344037
1498	87.403173
1499	87.462309
1500	87.521445
1501	87.580581
1502	87.639717
1503	87.698853
1504	87.757990
1505	87.817126
1506	87.876262
1507	87.935398
1508	87.994534
1509	88.053670
1510	88.112806
1511	88.171942
1512	88.231078
1513	88.290215
1514	88.349351
1515	88.408487
1516	88.467623
1517	88.526759
1518	88.585895
1519	88.645031
1520	88.704167
1521	88.763303
1522	88.822440
1523	88.881576
1524	88.940712
1525	88.999848
1526	89.058984
1527	89.118120
1528	89.177256
1529	89.236392
1530	89.295528
1531	89.354665
1532	89.413801
1533	89.472937
1534	89.532073
1535	89.591209
1536	89.650345
1537	89.709481
1538	89.768617
1539	89.827753
1540	89.886890
1541	89.946026
1542	90.005162
1543	90.064298
1544	90.123434
1545	90.182570
1546	90.241706
1547	90.300842
1548	90.359979
1549	90.419115
1550	90.478251
1551	90.537387
1552	90.596523
1553	90.655659
1554	90.714795
1555	90.773931
1556	90.833067
1557	90.892204
1558	90.951340
1559	91.010476
1560	91.069612
1561	91.128748
1562	91.187884
1563	91.247020
1564	91.306156
1565	91.365292
1566	91.424429
1567	91.483565
1568	91.542701
1569	91.601837
1570	91.660973
1571	91.720109
1572	91.779245
1573	91.838381
1574	91.897517
1575	91.956654
1576	92.015790
1577	92.074926
1578	92.134062
1579	92.193198
1580	92.252334
1581	92.311470
1582	92.370606
1583	92.429742
1584	92.488879
1585	92.548015
1586	92.607151
1587	92.666287
1588	92.725423
1589	92.784559
1590	92.843695
1591	92.902831
1592	92.961967
1593	93.021104
1594	93.080240
1595	93.139376
1596	93.198512
1597	93.257648
1598	93.316784
1599	93.375920
1600	93.435056
1601	93.494192
1602	93.553329
1603	93.612465
1604	93.671601
1605	93.730737
1606	93.789873
1607	93.849009
1608	93.908145
1609	93.967281
1610	94.026417
1611	94.085554
1612	94.144690
1613	94.203826
1614	94.262962
1615	94.322098
1616	94.381234
1617	94.440370
1618	94.499506
1619	94.558642
1620	94.617779
1621	94.676915
1622	94.736051
1623	94.795187
1624	94.854323
1625	94.913459
1626	94.972595
1627	95.031731
1628	95.090867
1629	95.150004
1630	95.209140
1631	95.268276
1632	95.327412
1633	95.386548
1634	95.445684
1635	95.504820
1636	95.563956
1637	95.623092
1638	95.682229
1639	95.741365
1640	95.800501
1641	95.859637
1642	95.918773
1643	95.977909
1644	96.037045
1645	96.096181
1646	96.155317
1647	96.214454
1648	96.273590
1649	96.332726
1650	96.391862
1651	96.450998
1652	96.510134
1653	96.569270
1654	96.628406
1655	96.687542
1656	96.746679
1657	96.805815
1658	96.864951
1659	96.924087
1660	96.983223
1661	97.042359
1662	97.101495
1663	97.160631
1664	97.219767
1665	97.278904
1666	97.338040
1667	97.397176
1668	97.456312
1669	97.515448
1670	97.574584
1671	97.633720
1672	97.692856
1673	97.751992
1674	97.811129
1675	97.870265
1676	97.929401
1677	97.988537
1678	98.047673
1679	98.106809
1680	98.165945
1681	98.225081
1682	98.284217
1683	98.343354
1684	98.402490
1685	98.461626
1686	98.520762
1687	98.579898
1688	98.639034
1689	98.698170
1690	98.757306
1691	98.816442
1692	98.875579
1693	98.934715
1694	98.993851
1695	99.052987
1696	99.112123
1697	99.171259
1698	99.230395
1699	99.289531
1700	99.348667
1701	99.407804
1702	99.466940
1703	99.526076
1704	99.585212
1705	99.644348
1706	99.703484
1707	99.762620
1708	99.821756
1709	99.880892
1710	99.940029
1711	99.999165
1712	100.058301
1713	100.117437
1714	100.176573
1715	100.235709
1716	100.294845
1717	100.353981
1718	100.413117
1719	100.472254
1720	100.531390
1721	100.590526
1722	100.649662
1723	100.708798
1724	100.767934
1725	100.827070
1726	100.886206
1727	100.945342
1728	101.004479
1729	101.063615
1730	101.122751
1731	101.181887
1732	101.241023
1733	101.300159
1734	101.359295
1735	101.418431
1736	101.477567
1737	101.536704
1738	101.595840
1739	101.654976
1740	101.714112
1741	101.773248
1742	101.832384
1743	101.891520
1744	101.950656
1745	102.009792
1746	102.068929
1747	102.128065
1748	102.187201
1749	102.246337
1750	102.305473
1751	102.364609
1752	102.423745
1753	102.482881
1754	102.542017
1755	102.601154
1756	102.660290
1757	102.719426
1758	102.778562
1759	102.837698
1760	102.896834
1761	102.955970
1762	103.015106
1763	103.074242
1764	103.133379
1765	103.192515
1766	103.251651
1767	103.310787
1768	103.369923
1769	103.429059
1770	103.488195
1771	103.547331
1772	103.606467
1773	103.665604
1774	103.724740
1775	103.783876
1776	103.843012
1777	103.902148
1778	103.961284
1779	104.020420
1780	104.079556
1781	104.138693
1782	104.197829
1783	104.256965
1784	104.316101
1785	104.375237
1786	104.434373
1787	104.493509
1788	104.552645
1789	104.611781
1790	104.670918
1791	104.730054
1792	104.789190
1793	104.848326
1794	104.907462
1795	104.966598
1796	105.025734
1797	105.084870
1798	105.144006
1799	105.203143
1800	105.262279
1801	105.321415
1802	105.380551
1803	105.439687
1804	105.498823
1805	105.557959
1806	105.617095
1807	105.676231
1808	105.735368
1809	105.794504
1810	105.853640
1811	105.912776
1812	105.971912
1813	106.031048
1814	106.090184
1815	106.149320
1816	106.208456
1817	106.267593
1818	106.326729
1819	106.385865
1820	106.445001
1821	106.504137
1822	106.563273
1823	106.622409
1824	106.681545
1825	106.740681
1826	106.799818
1827	106.858954
1828	106.918090
1829	106.977226
1830	107.036362
1831	107.095498
1832	107.154634
1833	107.213770
1834	107.272906
1835	107.332043
1836	107.391179
1837	107.450315
1838	107.509451
1839	107.568587
1840	107.627723
1841	107.686859
1842	107.745995
1843	107.805131
1844	107.864268
1845	107.923404
1846	107.982540
1847	108.041676
1848	108.100812
1849	108.159948
1850	108.219084
1851	108.278220
1852	108.337356
1853	108.396493
1854	108.455629
1855	108.514765
1856	108.573901
1857	108.633037
1858	108.692173
1859	108.751309
1860	108.810445
1861	108.869581
1862	108.928718
1863	108.987854
1864	109.046990
1865	109.106126
1866	109.165262
1867	109.224398
1868	109.283534
1869	109.342670
1870	109.401806
1871	109.460943
1872	109.520079
1873	109.579215
1874	109.638351
1875	109.697487
1876	109.756623
1877	109.815759
1878	109.874895
1879	109.934031
1880	109.993168
1881	110.052304
1882	110.111440
1883	110.170576
1884	110.229712
1885	110.288848
1886	110.347984
1887	110.407120
1888	110.466256
1889	110.525393
1890	110.584529
1891	110.643665
1892	110.702801
1893	110.761937
1894	110.821073
1895	110.880209
1896	110.939345
1897	110.998481
1898	111.057618
1899	111.116754
1900	111.175890
1901	111.235026
1902	111.294162
1903	111.353298
1904	111.412434
1905	111.471570
1906	111.530706
1907	111.589843
1908	111.648979
1909	111.708115
1910	111.767251
1911	111.826387
1912	111.885523
1913	111.944659
1914	112.003795
1915	112.062931
1916	112.122068
1917	112.181204
1918	112.240340
1919	112.299476
1920	112.358612
1921	112.417748
1922	112.476884
1923	112.536020
1924	112.595156
1925	112.654293
1926	112.713429
1927	112.772565
1928	112.831701
1929	112.890837
1930	112.949973
1931	113.009109
1932	113.068245
1933	113.127381
1934	113.186518
1935	113.245654
1936	113.304790
1937	113.363926
1938	113.423062
1939	113.482198
1940	113.541334
1941	113.600470
1942	113.659606
1943	113.718743
1944	113.777879
1945	113.837015
1946	113.896151
1947	113.955287
1948	114.014423
1949	114.073559
1950	114.132695
1951	114.191831
1952	114.250968
1953	114.310104
1954	114.369240
1955	114.428376
1956	114.487512
1957	114.546648
1958	114.605784
1959	114.664920
1960	114.724056
1961	114.783193
1962	114.842329
1963	114.901465
1964	114.960601
1965	115.019737
1966	115.078873
1967	115.138009
1968	115.197145
1969	115.256281
1970	115.315418
1971	115.374554
1972	115.433690
1973	115.492826
1974	115.551962
1975	115.611098
1976	115.670234
1977	115.729370
1978	115.788506
1979	115.847643
1980	115.906779
1981	115.965915
1982	116.025051
1983	116.084187
1984	116.143323
1985	116.202459
1986	116.261595
1987	116.320731
1988	116.379868
1989	116.439004
1990	116.498140
1991	116.557276
1992	116.616412
1993	116.675548
1994	116.734684
1995	116.793820
1996	116.852956
1997	116.912093
1998	116.971229
1999	117.030365
2000	117.089501
2001	117.148637
2002	117.207773
2003	117.266909
2004	117.326045
2005	117.385181
2006	117.444318
2007	117.503454
2008	117.562590
2009	117.621726
2010	117.680862
2011	117.739998
2012	117.799134
2013	117.858270
2014	117.917407
2015	117.976543
2016	118.035679
2017	118.094815
2018	118.153951
2019	118.213087
2020	118.272223
2021	118.331359
2022	118.390495
2023	118.449632
2024	118.508768
2025	118.567904
2026	118.627040
2027	118.686176
2028	118.745312
2029	118.804448
2030	118.863584
2031	118.922720
2032	118.981857
2033	119.040993
2034	119.100129
2035	119.159265
2036	119.218401
2037	119.277537
2038	119.336673
2039	119.395809
2040	119.454945
2041	119.514082
2042	119.573218
2043	119.632354
2044	119.691490
2045	119.750626
2046	119.809762
2047	119.868898
