0	-1.202498
1	-1.142373
2	-1.082248
3	-1.022123
4	-0.961998
5	-0.901873
6	-0.841748
7	-0.781624
8	-0.721499
9	-0.661374
10	-0.601249
11	-0.541124
12	-0.480999
13	-0.420874
14	-0.360749
15	-0.300624
16	-0.240500
17	-0.180375
18	-0.120250
19	-0.060125
20	0.000000
21	0.060125
22	0.120250
23	0.180375
24	0.240500
25	0.300624
26	0.360749
27	0.420874
28	0.480999
29	0.541124
30	0.601249
31	0.661374
32	0.721499
33	0.781624
34	0.841748
35	0.901873
36	0.961998
37	1.022123
38	1.082248
39	1.142373
40	1.202498
41	1.262623
42	1.322748
43	1.382872
44	1.442997
45	1.503122
46	1.563247
47	1.623372
48	1.683497
49	1.743622
50	1.803747
51	1.863872
52	1.923997
53	1.984121
54	2.044246
55	2.104371
56	2.164496
57	2.224621
58	2.284746
59	2.344871
60	2.404996
61	2.465121
62	2.525245
63	2.585370
64	2.645495
65	2.705620
66	2.765745
67	2.825870
68	2.885995
69	2.946120
70	3.006245
71	3.066369
72	3.126494
73	3.186619
74	3.246744
75	3.306869
76	3.366994
77	3.427119
78	3.487244
79	3.547369
80	3.607493
81	3.667618
82	3.727743
83	3.787868
84	3.847993
85	3.908118
86	3.968243
87	4.028368
88	4.088493
89	4.148617
90	4.208742
91	4.268867
92	4.328992
93	4.389117
94	4.449242
95	4.509367
96	4.569492
97	4.629617
98	4.689741
99	4.749866
100	4.809991
101	4.870116
102	4.930241
103	4.990366
104	5.050491
105	5.110616
106	5.170741
107	5.230865
108	5.290990
109	5.351115
110	5.411240
111	5.471365
112	5.531490
113	5.591615
114	5.651740
115	5.711865
116	5.771990
117	5.832114
118	5.892239
119	5.952364
120	6.012489
121	6.072614
122	6.132739
123	6.192864
124	6.252989
125	6.313114
126	6.373238
127	6.433363
128	6.493488
129	6.553613
130	6.613738
131	6.673863
132	6.733988
133	6.794113
134	6.854238
135	6.914362
136	6.974487
137	7.034612
138	7.094737
139	7.154862
140	7.214987
141	7.275112
142	7.335237
143	7.395362
144	7.455486
145	7.515611
146	7.575736
147	7.635861
148	7.695986
149	7.756111
150	7.816236
151	7.876361
152	7.936486
153	7.996610
154	8.056735
155	8.116860
156	8.176985
157	8.237110
158	8.297235
159	8.357360
160	8.417485
161	8.477610
162	8.537734
163	8.597859
164	8.657984
165	8.718109
166	8.778234
167	8.838359
168	8.898484
169	8.958609
170	9.018734
171	9.078858
172	9.138983
173	9.199108
174	9.259233
175	9.319358
176	9.379483
177	9.439608
178	9.499733
179	9.559858
180	9.619983
181	9.680107
182	9.740232
183	9.800357
184	9.860482
185	9.920607
186	9.980732
187	10.040857
188	10.100982
189	10.161107
190	10.221231
191	10.281356
192	10.341481
193	10.401606
194	10.461731
195	10.521856
196	10.581981
197	10.642106
198	10.702231
199	10.762355
200	10.822480
201	10.882605
202	10.942730
203	11.002855
204	11.062980
205	11.123105
206	11.183230
207	11.243355
208	11.303479
209	11.363604
210	11.423729
211	11.483854
212	11.543979
213	11.604104
214	11.664229
215	11.724354
216	11.784479
217	11.844603
218	11.904728
219	11.964853
220	12.024978
221	12.085103
222	12.145228
223	12.205353
224	12.265478
225	12.325603
226	12.385727
227	12.445852
228	12.505977
229	12.566102
230	12.626227
231	12.686352
232	12.746477
233	12.806602
234	12.866727
235	12.926851
236	12.986976
237	13.047101
238	13.107226
239	13.167351
240	13.227476
241	13.287601
242	13.347726
243	13.407851
244	13.467975
245	13.528100
246	13.588225
247	13.648350
248	13.708475
249	13.768600
250	13.828725
251	13.888850
252	13.948975
253	14.009100
254	14.069224
255	14.129349
256	14.189474
257	14.249599
258	14.309724
259	14.369849
260	14.429974
261	14.490099
262	14.550224
263	14.610348
264	14.670473
265	14.730598
266	14.790723
267	14.850848
268	14.910973
269	14.971098
270	15.031223
271	15.091348
272	15.151472
273	15.211597
274	15.271722
275	15.331847
276	15.391972
277	15.452097
278	15.512222
279	15.572347
280	15.632472
281	15.692596
282	15.752721
283	15.812846
284	15.872971
285	15.933096
286	15.993221
287	16.053346
288	16.113471
289	16.173596
290	16.233720
291	16.293845
292	16.353970
293	16.414095
294	16.474220
295	16.534345
296	16.594470
297	16.654595
298	16.714720
299	16.774844
300	16.834969
301	16.895094
302	16.955219
303	17.015344
304	17.075469
305	17.135594
306	17.195719
307	17.255844
308	17.315968
309	17.376093
310	17.436218
311	17.496343
312	17.556468
313	17.616593
314	17.676718
315	17.736843
316	17.796968
317	17.857093
318	17.917217
319	17.977342
320	18.037467
321	18.097592
322	18.157717
323	18.217842
324	18.277967
325	18.338092
326	18.398217
327	18.458341
328	18.518466
329	18.578591
330	18.638716
331	18.698841
332	18.758966
333	18.819091
334	18.879216
335	18.939341
336	18.999465
337	19.059590
338	19.119715
339	19.179840
340	19.239965
341	19.300090
342	19.360215
343	19.420340
344	19.480465
345	19.540589
346	19.600714
347	19.660839
348	19.720964
349	19.781089
350	19.841214
351	19.901339
352	19.961464
353	20.021589
354	20.081713
355	20.141838
356	20.201963
357	20.262088
358	20.322213
359	20.382338
360	20.442463
361	20.502588
362	20.562713
363	20.622837
364	20.682962
365	20.743087
366	20.803212
367	20.863337
368	20.923462
369	20.983587
370	21.043712
371	21.103837
372	21.163961
373	21.224086
374	21.284211
375	21.344336
376	21.404461
377	21.464586
378	21.524711
379	21.584836
380	21.644961
381	21.705086
382	21.765210
383	21.825335
384	21.885460
385	21.945585
386	22.005710
387	22.065835
388	22.125960
389	22.186085
390	22.246210
391	22.306334
392	22.366459
393	22.426584
394	22.486709
395	22.546834
396	22.606959
397	22.667084
398	22.727209
399	22.787334
400	22.847458
401	22.907583
402	22.967708
403	23.027833
404	23.087958
405	23.148083
406	23.208208
407	23.268333
408	23.328458
409	23.388582
410	23.448707
411	23.508832
412	23.568957
413	23.629082
414	23.689207
415	23.749332
416	23.809457
417	23.869582
418	23.929706
419	23.989831
420	24.049956
421	24.110081
422	24.170206
423	24.230331
424	24.290456
425	24.350581
426	24.410706
427	24.470830
428	24.530955
429	24.591080
430	24.651205
431	24.711330
432	24.771455
433	24.831580
434	24.891705
435	24.951830
436	25.011954
437	25.072079
438	25.132204
439	25.192329
440	25.252454
441	25.312579
442	25.372704
443	25.432829
444	25.492954
445	25.553079
446	25.613203
447	25.673328
448	25.733453
449	25.793578
450	25.853703
451	25.913828
452	25.973953
453	26.034078
454	26.094203
455	26.154327
456	26.214452
457	26.274577
458	26.334702
459	26.394827
460	26.454952
461	26.515077
462	26.575202
463	26.635327
464	26.695451
465	26.755576
466	26.815701
467	26.875826
468	26.935951
469	26.996076
470	27.056201
471	27.116326
472	27.176451
473	27.236575
474	27.296700
475	27.356825
476	27.416950
477	27.477075
478	27.537200
479	27.597325
480	27.657450
481	27.717575
482	27.777699
483	27.837824
484	27.897949
485	27.958074
486	28.018199
487	28.078324
488	28.138449
489	28.198574
490	28.258699
491	28.318823
492	28.378948
493	28.439073
494	28.499198
495	28.559323
496	28.619448
497	28.679573
498	28.739698
499	28.799823
500	28.859947
501	28.920072
502	28.980197
503	29.040322
504	29.100447
505	29.160572
506	29.220697
507	29.280822
508	29.340947
509	29.401071
510	29.461196
511	29.521321
512	29.581446
513	29.641571
514	29.701696
515	29.761821
516	29.821946
517	29.882071
518	29.942196
519	30.002320
520	30.062445
521	30.122570
522	30.182695
523	30.242820
524	30.302945
525	30.363070
526	30.423195
527	30.483320
528	30.543444
529	30.603569
530	30.663694
531	30.723819
532	30.783944
533	30.844069
534	30.904194
535	30.964319
536	31.024444
537	31.084568
538	31.144693
539	31.204818
540	31.264943
541	31.325068
542	31.385193
543	31.445318
544	31.505443
545	31.565568
546	31.625692
547	31.685817
548	31.745942
549	31.806067
550	31.866192
551	31.926317
552	31.986442
553	32.046567
554	32.106692
555	32.166816
556	32.226941
557	32.287066
558	32.347191
559	32.407316
560	32.467441
561	32.527566
562	32.587691
563	32.647816
564	32.707940
565	32.768065
566	32.828190
567	32.888315
568	32.948440
569	33.008565
570	33.068690
571	33.128815
572	33.188940
573	33.249064
574	33.309189
575	33.369314
576	33.429439
577	33.489564
578	33.549689
579	33.609814
580	33.669939
581	33.730064
582	33.790189
583	33.850313
584	33.910438
585	33.970563
586	34.030688
587	34.090813
588	34.150938
589	34.211063
590	34.271188
591	34.331313
592	34.391437
593	34.451562
594	34.511687
595	34.571812
596	34.631937
597	34.692062
598	34.752187
599	34.812312
600	34.872437
601	34.932561
602	34.992686
603	35.052811
604	35.112936
605	35.173061
606	35.233186
607	35.293311
608	35.353436
609	35.413561
610	35.473685
611	35.533810
612	35.593935
613	35.654060
614	35.714185
615	35.774310
616	35.834435
617	35.894560
618	35.954685
619	36.014809
620	36.074934
621	36.135059
622	36.195184
623	36.255309
624	36.315434
625	36.375559
626	36.435684
627	36.495809
628	36.555933
629	36.616058
630	36.676183
631	36.736308
632	36.796433
633	36.856558
634	36.916683
635	36.976808
636	37.036933
637	37.097057
638	37.157182
639	37.217307
640	37.277432
641	37.337557
642	37.397682
643	37.457807
644	37.517932
645	37.578057
646	37.638182
647	37.698306
648	37.758431
649	37.818556
650	37.878681
651	37.938806
652	37.998931
653	38.059056
654	38.119181
655	38.179306
656	38.239430
657	38.299555
658	38.359680
659	38.419805
660	38.479930
661	38.540055
662	38.600180
663	38.660305
664	38.720430
665	38.780554
666	38.840679
667	38.900804
668	38.960929
669	39.021054
670	39.081179
671	39.141304
672	39.201429
673	39.261554
674	39.321678
675	39.381803
676	39.441928
677	39.502053
678	39.562178
679	39.622303
680	39.682428
681	39.742553
682	39.802678
683	39.862802
684	39.922927
685	39.983052
686	40.043177
687	40.103302
688	40.163427
689	40.223552
690	40.283677
691	40.343802
692	40.403926
693	40.464051
694	40.524176
695	40.584301
696	40.644426
697	40.704551
698	40.764676
699	40.824801
700	40.884926
701	40.945050
702	41.005175
703	41.065300
704	41.125425
705	41.185550
706	41.245675
707	41.305800
708	41.365925
709	41.426050
710	41.486175
711	41.546299
712	41.606424
713	41.666549
714	41.726674
715	41.786799
716	41.846924
717	41.907049
718	41.967174
719	42.027299
720	42.087423
721	42.147548
722	42.207673
723	42.267798
724	42.327923
725	42.388048
726	42.448173
727	42.508298
728	42.568423
729	42.628547
730	42.688672
731	42.748797
732	42.808922
733	42.869047
734	42.929172
735	42.989297
736	43.049422
737	43.109547
738	43.169671
739	43.229796
740	43.289921
741	43.350046
742	43.410171
743	43.470296
744	43.530421
745	43.590546
746	43.650671
747	43.710795
748	43.770920
749	43.831045
750	43.891170
751	43.951295
752	44.011420
753	44.071545
754	44.131670
755	44.191795
756	44.251919
757	44.312044
758	44.372169
759	44.432294
760	44.492419
761	44.552544
762	44.612669
763	44.672794
764	44.732919
765	44.793043
766	44.853168
767	44.913293
768	44.973418
769	45.033543
770	45.093668
771	45.153793
772	45.213918
773	45.274043
774	45.334167
775	45.394292
776	45.454417
777	45.514542
778	45.574667
779	45.634792
780	45.694917
781	45.755042
782	45.815167
783	45.875292
784	45.935416
785	45.995541
786	46.055666
787	46.115791
788	46.175916
789	46.236041
790	46.296166
791	46.356291
792	46.416416
793	46.476540
794	46.536665
795	46.596790
796	46.656915
797	46.717040
798	46.777165
799	46.837290
800	46.897415
801	46.957540
802	47.017664
803	47.077789
804	47.137914
805	47.198039
806	47.258164
807	47.318289
808	47.378414
809	47.438539
810	47.498664
811	47.558788
812	47.618913
813	47.679038
814	47.739163
815	47.799288
816	47.859413
817	47.919538
818	47.979663
819	48.039788
820	48.099912
821	48.160037
822	48.220162
823	48.280287
824	48.340412
825	48.400537
826	48.460662
827	48.520787
828	48.580912
829	48.641036
830	48.701161
831	48.761286
832	48.821411
833	48.881536
834	48.941661
835	49.001786
836	49.061911
837	49.122036
838	49.182160
839	49.242285
840	49.302410
841	49.362535
842	49.422660
843	49.482785
844	49.542910
845	49.603035
846	49.663160
847	49.723285
848	49.783409
849	49.843534
850	49.903659
851	49.963784
852	50.023909
853	50.084034
854	50.144159
855	50.204284
856	50.264409
857	50.324533
858	50.384658
859	50.444783
860	50.504908
861	50.565033
862	50.625158
863	50.685283
864	50.745408
865	50.805533
866	50.865657
867	50.925782
868	50.985907
869	51.046032
870	51.106157
871	51.166282
872	51.226407
873	51.286532
874	51.346657
875	51.406781
876	51.466906
877	51.527031
878	51.587156
879	51.647281
880	51.707406
881	51.767531
882	51.827656
883	51.887781
884	51.947905
885	52.008030
886	52.068155
887	52.128280
888	52.188405
889	52.248530
890	52.308655
891	52.368780
892	52.428905
893	52.489029
894	52.549154
895	52.609279
896	52.669404
897	52.729529
898	52.789654
899	52.849779
900	52.909904
901	52.970029
902	53.030153
903	53.090278
904	53.150403
905	53.210528
906	53.270653
907	53.330778
908	53.390903
909	53.451028
910	53.511153
911	53.571278
912	53.631402
913	53.691527
914	53.751652
915	53.811777
916	53.871902
917	53.932027
918	53.992152
919	54.052277
920	54.112402
921	54.172526
922	54.232651
923	54.292776
924	54.352901
925	54.413026
926	54.473151
927	54.533276
928	54.593401
929	54.653526
930	54.713650
931	54.773775
932	54.833900
933	54.894025
934	54.954150
935	55.014275
936	55.074400
937	55.134525
938	55.194650
939	55.254774
940	55.314899
941	55.375024
942	55.435149
943	55.495274
944	55.555399
945	55.615524
946	55.675649
947	55.735774
948	55.795898
949	55.856023
950	55.916148
951	55.976273
952	56.036398
953	56.096523
954	56.156648
955	56.216773
956	56.276898
957	56.337022
958	56.397147
959	56.457272
960	56.517397
961	56.577522
962	56.637647
963	56.697772
964	56.757897
965	56.818022
966	56.878146
967	56.938271
968	56.998396
969	57.058521
970	57.118646
971	57.178771
972	57.238896
973	57.299021
974	57.359146
975	57.419271
976	57.479395
977	57.539520
978	57.599645
979	57.659770
980	57.719895
981	57.780020
982	57.840145
983	57.900270
984	57.960395
985	58.020519
986	58.080644
987	58.140769
988	58.200894
989	58.261019
990	58.321144
991	58.381269
992	58.441394
993	58.501519
994	58.561643
995	58.621768
996	58.681893
997	58.742018
998	58.802143
999	58.862268
1000	58.922393
1001	58.982518
1002	59.042643
1003	59.102767
1004	59.162892
1005	59.223017
1006	59.283142
1007	59.343267
1008	59.403392
1009	59.463517
1010	59.523642
1011	59.583767
1012	59.643891
1013	59.704016
1014	59.764141
1015	59.824266
1016	59.884391
1017	59.944516
1018	60.004641
1019	60.064766
1020	60.124891
1021	60.185015
1022	60.245140
1023	60.305265
1024	60.365390
1025	60.425515
1026	60.485640
1027	60.545765
1028	60.605890
1029	60.666015
1030	60.726139
1031	60.786264
1032	60.846389
1033	60.906514
1034	60.966639
1035	61.026764
1036	61.086889
1037	61.147014
1038	61.207139
1039	61.267263
1040	61.327388
1041	61.387513
1042	61.447638
1043	61.507763
1044	61.567888
1045	61.628013
1046	61.688138
1047	61.748263
1048	61.808388
1049	61.868512
1050	61.928637
1051	61.988762
1052	62.048887
1053	62.109012
1054	62.169137
1055	62.229262
1056	62.289387
1057	62.349512
1058	62.409636
1059	62.469761
1060	62.529886
1061	62.590011
1062	62.650136
1063	62.710261
1064	62.770386
1065	62.830511
1066	62.890636
1067	62.950760
1068	63.010885
1069	63.071010
1070	63.131135
1071	63.191260
1072	63.251385
1073	63.311510
1074	63.371635
1075	63.431760
1076	63.491884
1077	63.552009
1078	63.612134
1079	63.672259
1080	63.732384
1081	63.792509
1082	63.852634
1083	63.912759
1084	63.972884
1085	64.033008
1086	64.093133
1087	64.153258
1088	64.213383
1089	64.273508
1090	64.333633
1091	64.393758
1092	64.453883
1093	64.514008
1094	64.574132
1095	64.634257
1096	64.694382
1097	64.754507
1098	64.814632
1099	64.874757
1100	64.934882
1101	64.995007
1102	65.055132
1103	65.115256
1104	65.175381
1105	65.235506
1106	65.295631
1107	65.355756
1108	65.415881
1109	65.476006
1110	65.536131
1111	65.596256
1112	65.656381
1113	65.716505
1114	65.776630
1115	65.836755
1116	65.896880
1117	65.957005
1118	66.017130
1119	66.077255
1120	66.137380
1121	66.197505
1122	66.257629
1123	66.317754
1124	66.377879
1125	66.438004
1126	66.498129
1127	66.558254
1128	66.618379
1129	66.678504
1130	66.738629
1131	66.798753
1132	66.858878
1133	66.919003
1134	66.979128
1135	67.039253
1136	67.099378
1137	67.159503
1138	67.219628
1139	67.279753
1140	67.339877
1141	67.400002
1142	67.460127
1143	67.520252
1144	67.580377
1145	67.640502
1146	67.700627
1147	67.760752
1148	67.820877
1149	67.881001
1150	67.941126
1151	68.001251
1152	68.061376
1153	68.121501
1154	68.181626
1155	68.241751
1156	68.301876
1157	68.362001
1158	68.422125
1159	68.482250
1160	68.542375
1161	68.602500
1162	68.662625
1163	68.722750
1164	68.782875
1165	68.843000
1166	68.903125
1167	68.963249
1168	69.023374
1169	69.083499
1170	69.143624
1171	69.203749
1172	69.263874
1173	69.323999
1174	69.384124
1175	69.444249
1176	69.504374
1177	69.564498
1178	69.624623
1179	69.684748
1180	69.744873
1181	69.804998
1182	69.865123
1183	69.925248
1184	69.985373
1185	70.045498
1186	70.105622
1187	70.165747
1188	70.225872
1189	70.285997
1190	70.346122
1191	70.406247
1192	70.466372
1193	70.526497
1194	70.586622
1195	70.646746
1196	70.706871
1197	70.766996
1198	70.827121
1199	70.887246
1200	70.947371
1201	71.007496
1202	71.067621
1203	71.127746
1204	71.187870
1205	71.247995
1206	71.308120
1207	71.368245
1208	71.428370
1209	71.488495
1210	71.548620
1211	71.608745
1212	71.668870
1213	71.728994
1214	71.789119
1215	71.849244
1216	71.909369
1217	71.969494
1218	72.029619
1219	72.089744
1220	72.149869
1221	72.209994
1222	72.270118
1223	72.330243
1224	72.390368
1225	72.450493
1226	72.510618
1227	72.570743
1228	72.630868
1229	72.690993
1230	72.751118
1231	72.811242
1232	72.871367
1233	72.931492
1234	72.991617
1235	73.051742
1236	73.111867
1237	73.171992
1238	73.232117
1239	73.292242
1240	73.352367
1241	73.412491
1242	73.472616
1243	73.532741
1244	73.592866
1245	73.652991
1246	73.713116
1247	73.773241
1248	73.833366
1249	73.893491
1250	73.953615
1251	74.013740
1252	74.073865
1253	74.133990
1254	74.194115
1255	74.254240
1256	74.314365
1257	74.374490
1258	74.434615
1259	74.494739
1260	74.554864
1261	74.614989
1262	74.675114
1263	74.735239
1264	74.795364
1265	74.855489
1266	74.915614
1267	74.975739
1268	75.035863
1269	75.095988
1270	75.156113
1271	75.216238
1272	75.276363
1273	75.336488
1274	75.396613
1275	75.456738
1276	75.516863
1277	75.576987
1278	75.637112
1279	75.697237
1280	75.757362
1281	75.817487
1282	75.877612
1283	75.937737
1284	75.997862
1285	76.057987
1286	76.118111
1287	76.178236
1288	76.238361
1289	76.298486
1290	76.358611
1291	76.418736
1292	76.478861
1293	76.538986
1294	76.599111
1295	76.659235
1296	76.719360
1297	76.779485
1298	76.839610
1299	76.899735
1300	76.959860
1301	77.019985
1302	77.080110
1303	77.140235
1304	77.200360
1305	77.260484
1306	77.320609
1307	77.380734
1308	77.440859
1309	77.500984
1310	77.561109
1311	77.621234
1312	77.681359
1313	77.741484
1314	77.801608
1315	77.861733
1316	77.921858
1317	77.981983
1318	78.042108
1319	78.102233
1320	78.162358
1321	78.222483
1322	78.282608
1323	78.342732
1324	78.402857
1325	78.462982
1326	78.523107
1327	78.583232
1328	78.643357
1329	78.703482
1330	78.763607
1331	78.823732
1332	78.883856
1333	78.943981
1334	79.004106
1335	79.064231
1336	79.124356
1337	79.184481
1338	79.244606
1339	79.304731
1340	79.364856
1341	79.424980
1342	79.485105
1343	79.545230
1344	79.605355
1345	79.665480
1346	79.725605
1347	79.785730
1348	79.845855
1349	79.905980
1350	79.966104
1351	80.026229
1352	80.086354
1353	80.146479
1354	80.206604
1355	80.266729
1356	80.326854
1357	80.386979
1358	80.447104
1359	80.507228
1360	80.567353
1361	80.627478
1362	80.687603
1363	80.747728
1364	80.807853
1365	80.867978
1366	80.928103
1367	80.988228
1368	81.048352
1369	81.108477
1370	81.168602
1371	81.228727
1372	81.288852
1373	81.348977
1374	81.409102
1375	81.469227
1376	81.529352
1377	81.589477
1378	81.649601
1379	81.709726
1380	81.769851
1381	81.829976
1382	81.890101
1383	81.950226
1384	82.010351
1385	82.070476
1386	82.130601
1387	82.190725
1388	82.250850
1389	82.310975
1390	82.371100
1391	82.431225
1392	82.491350
1393	82.551475
1394	82.611600
1395	82.671725
1396	82.731849
1397	82.791974
1398	82.852099
1399	82.912224
1400	82.972349
1401	83.032474
1402	83.092599
1403	83.152724
1404	83.212849
1405	83.272973
1406	83.333098
1407	83.393223
1408	83.453348
1409	83.513473
1410	83.573598
1411	83.633723
1412	83.693848
1413	83.753973
1414	83.814097
1415	83.874222
1416	83.934347
1417	83.994472
1418	84.054597
1419	84.114722
1420	84.174847
1421	84.234972
1422	84.295097
1423	84.355221
1424	84.415346
1425	84.475471
1426	84.535596
1427	84.595721
1428	84.655846
1429	84.715971
1430	84.776096
1431	84.836221
1432	84.896345
1433	84.956470
1434	85.016595
1435	85.076720
1436	85.136845
1437	85.196970
1438	85.257095
1439	85.317220
1440	85.377345
1441	85.437470
1442	85.497594
1443	85.557719
1444	85.617844
1445	85.677969
1446	85.738094
1447	85.798219
1448	85.858344
1449	85.918469
1450	85.978594
1451	86.038718
1452	86.098843
1453	86.158968
1454	86.219093
1455	86.279218
1456	86.339343
1457	86.399468
1458	86.459593
1459	86.519718
1460	86.579842
1461	86.639967
1462	86.700092
1463	86.760217
1464	86.820342
1465	86.880467
1466	86.940592
1467	87.000717
1468	87.060842
1469	87.120966
1470	87.181091
1471	87.241216
1472	87.301341
1473	87.361466
1474	87.421591
1475	87.481716
1476	87.541841
1477	87.601966
1478	87.662090
1479	87.722215
1480	87.782340
1481	87.842465
1482	87.902590
1483	87.962715
1484	88.022840
1485	88.082965
1486	88.143090
1487	88.203214
1488	88.263339
1489	88.323464
1490	88.383589
1491	88.443714
1492	88.503839
1493	88.563964
1494	88.624089
1495	88.684214
1496	88.744338
1497	88.804463
1498	88.864588
1499	88.924713
1500	88.984838
1501	89.044963
1502	89.105088
1503	89.165213
1504	89.225338
1505	89.285463
1506	89.345587
1507	89.405712
1508	89.465837
1509	89.525962
1510	89.586087
1511	89.646212
1512	89.706337
1513	89.766462
1514	89.826587
1515	89.886711
1516	89.946836
1517	90.006961
1518	90.067086
1519	90.127211
1520	90.187336
1521	90.247461
1522	90.307586
1523	90.367711
1524	90.427835
1525	90.487960
1526	90.548085
1527	90.608210
1528	90.668335
1529	90.728460
1530	90.788585
1531	90.848710
1532	90.908835
1533	90.968959
1534	91.029084
1535	91.089209
1536	91.149334
1537	91.209459
1538	91.269584
1539	91.329709
1540	91.389834
1541	91.449959
1542	91.510083
1543	91.570208
1544	91.630333
1545	91.690458
1546	91.750583
1547	91.810708
1548	91.870833
1549	91.930958
1550	91.991083
1551	92.051207
1552	92.111332
1553	92.171457
1554	92.231582
1555	92.291707
1556	92.351832
1557	92.411957
1558	92.472082
1559	92.532207
1560	92.592331
1561	92.652456
1562	92.712581
1563	92.772706
1564	92.832831
1565	92.892956
1566	92.953081
1567	93.013206
1568	93.073331
1569	93.133456
1570	93.193580
1571	93.253705
1572	93.313830
1573	93.373955
1574	93.434080
1575	93.494205
1576	93.554330
1577	93.614455
1578	93.674580
1579	93.734704
1580	93.794829
1581	93.854954
1582	93.915079
1583	93.975204
1584	94.035329
1585	94.095454
1586	94.155579
1587	94.215704
1588	94.275828
1589	94.335953
1590	94.396078
1591	94.456203
1592	94.516328
1593	94.576453
1594	94.636578
1595	94.696703
1596	94.756828
1597	94.816952
1598	94.877077
1599	94.937202
1600	94.997327
1601	95.057452
1602	95.117577
1603	95.177702
1604	95.237827
1605	95.297952
1606	95.358076
1607	95.418201
1608	95.478326
1609	95.538451
1610	95.598576
1611	95.658701
1612	95.718826
1613	95.778951
1614	95.839076
1615	95.899200
1616	95.959325
1617	96.019450
1618	96.079575
1619	96.139700
1620	96.199825
1621	96.259950
1622	96.320075
1623	96.380200
1624	96.440324
1625	96.500449
1626	96.560574
1627	96.620699
1628	96.680824
1629	96.740949
1630	96.801074
1631	96.861199
1632	96.921324
1633	96.981448
1634	97.041573
1635	97.101698
1636	97.161823
1637	97.221948
1638	97.282073
1639	97.342198
1640	97.402323
1641	97.462448
1642	97.522573
1643	97.582697
1644	97.642822
1645	97.702947
1646	97.763072
1647	97.823197
1648	97.883322
1649	97.943447
1650	98.003572
1651	98.063697
1652	98.123821
1653	98.183946
1654	98.244071
1655	98.304196
1656	98.364321
1657	98.424446
1658	98.484571
1659	98.544696
1660	98.604821
1661	98.664945
1662	98.725070
1663	98.785195
1664	98.845320
1665	98.905445
1666	98.965570
1667	99.025695
1668	99.085820
1669	99.145945
1670	99.206069
1671	99.266194
1672	99.326319
1673	99.386444
1674	99.446569
1675	99.506694
1676	99.566819
1677	99.626944
1678	99.687069
1679	99.747193
1680	99.807318
1681	99.867443
1682	99.927568
1683	99.987693
1684	100.047818
1685	100.107943
1686	100.168068
1687	100.228193
1688	100.288317
1689	100.348442
1690	100.408567
1691	100.468692
1692	100.528817
1693	100.588942
1694	100.649067
1695	100.709192
1696	100.769317
1697	100.829441
1698	100.889566
1699	100.949691
1700	101.009816
1701	101.069941
1702	101.130066
1703	101.190191
1704	101.250316
1705	101.310441
1706	101.370566
1707	101.430690
1708	101.490815
1709	101.550940
1710	101.611065
1711	101.671190
1712	101.731315
1713	101.791440
1714	101.851565
1715	101.911690
1716	101.971814
1717	102.031939
1718	102.092064
1719	102.152189
1720	102.212314
1721	102.272439
1722	102.332564
1723	102.392689
1724	102.452814
1725	102.512938
1726	102.573063
1727	102.633188
1728	102.693313
1729	102.753438
1730	102.813563
1731	102.873688
1732	102.933813
1733	102.993938
1734	103.054062
1735	103.114187
1736	103.174312
1737	103.234437
1738	103.294562
1739	103.354687
1740	103.414812
1741	103.474937
1742	103.535062
1743	103.595186
1744	103.655311
1745	103.715436
1746	103.775561
1747	103.835686
1748	103.895811
1749	103.955936
1750	104.016061
1751	104.076186
1752	104.136310
1753	104.196435
1754	104.256560
1755	104.316685
1756	104.376810
1757	104.436935
1758	104.497060
1759	104.557185
1760	104.617310
1761	104.677434
1762	104.737559
1763	104.797684
1764	104.857809
1765	104.917934
1766	104.978059
1767	105.038184
1768	105.098309
1769	105.158434
1770	105.218559
1771	105.278683
1772	105.338808
1773	105.398933
1774	105.459058
1775	105.519183
1776	105.579308
1777	105.639433
1778	105.699558
1779	105.759683
1780	105.819807
1781	105.879932
1782	105.940057
1783	106.000182
1784	106.060307
1785	106.120432
1786	106.180557
1787	106.240682
1788	106.300807
1789	106.360931
1790	106.421056
1791	106.481181
1792	106.541306
1793	106.601431
1794	106.661556
1795	106.721681
1796	106.781806
1797	106.841931
1798	106.902055
1799	106.962180
1800	107.022305
1801	107.082430
1802	107.142555
1803	107.202680
1804	107.262805
1805	107.322930
1806	107.383055
1807	107.443179
1808	107.503304
1809	107.563429
1810	107.623554
1811	107.683679
1812	107.743804
1813	107.803929
1814	107.864054
1815	107.924179
1816	107.984303
1817	108.044428
1818	108.104553
1819	108.164678
1820	108.224803
1821	108.284928
1822	108.345053
1823	108.405178
1824	108.465303
1825	108.525427
1826	108.585552
1827	108.645677
1828	108.705802
1829	108.765927
1830	108.826052
1831	108.886177
1832	108.946302
1833	109.006427
1834	109.066552
1835	109.126676
1836	109.186801
1837	109.246926
1838	109.307051
1839	109.367176
1840	109.427301
1841	109.487426
1842	109.547551
1843	109.607676
1844	109.667800
1845	109.727925
1846	109.788050
1847	109.848175
1848	109.908300
1849	109.968425
1850	110.028550
1851	110.088675
1852	110.148800
1853	110.208924
1854	110.269049
1855	110.329174
1856	110.389299
1857	110.449424
1858	110.509549
1859	110.569674
1860	110.629799
1861	110.689924
1862	110.750048
1863	110.810173
1864	110.870298
1865	110.930423
1866	110.990548
1867	111.050673
1868	111.110798
1869	111.170923
1870	111.231048
1871	111.291172
1872	111.351297
1873	111.411422
1874	111.471547
1875	111.531672
1876	111.591797
1877	111.651922
1878	111.712047
1879	111.772172
1880	111.832296
1881	111.892421
1882	111.952546
1883	112.012671
1884	112.072796
1885	112.132921
1886	112.193046
1887	112.253171
1888	112.313296
1889	112.373420
1890	112.433545
1891	112.493670
1892	112.553795
1893	112.613920
1894	112.674045
1895	112.734170
1896	112.794295
1897	112.854420
1898	112.914544
1899	112.974669
1900	113.034794
1901	113.094919
1902	113.155044
1903	113.215169
1904	113.275294
1905	113.335419
1906	113.395544
1907	113.455669
1908	113.515793
1909	113.575918
1910	113.636043
1911	113.696168
1912	113.756293
1913	113.816418
1914	113.876543
1915	113.936668
1916	113.996793
1917	114.056917
1918	114.117042
1919	114.177167
1920	114.237292
1921	114.297417
1922	114.357542
1923	114.417667
1924	114.477792
1925	114.537917
1926	114.598041
1927	114.658166
1928	114.718291
1929	114.778416
1930	114.838541
1931	114.898666
1932	114.958791
1933	115.018916
1934	115.079041
1935	115.139165
1936	115.199290
1937	115.259415
1938	115.319540
1939	115.379665
1940	115.439790
1941	115.499915
1942	115.560040
1943	115.620165
1944	115.680289
1945	115.740414
1946	115.800539
1947	115.860664
1948	115.920789
1949	115.980914
1950	116.041039
1951	116.101164
1952	116.161289
1953	116.221413
1954	116.281538
1955	116.341663
1956	116.401788
1957	116.461913
1958	116.522038
1959	116.582163
1960	116.642288
1961	116.702413
1962	116.762537
1963	116.822662
1964	116.882787
1965	116.942912
1966	117.003037
1967	117.063162
1968	117.123287
1969	117.183412
1970	117.243537
1971	117.303662
1972	117.363786
1973	117.423911
1974	117.484036
1975	117.544161
1976	117.604286
1977	117.664411
1978	117.724536
1979	117.784661
1980	117.844786
1981	117.904910
1982	117.965035
1983	118.025160
1984	118.085285
1985	118.145410
1986	118.205535
1987	118.265660
1988	118.325785
1989	118.385910
1990	118.446034
1991	118.506159
1992	118.566284
1993	118.626409
1994	118.686534
1995	118.746659
1996	118.806784
1997	118.866909
1998	118.927034
1999	118.987158
2000	119.047283
2001	119.107408
2002	119.167533
2003	119.227658
2004	119.287783
2005	119.347908
2006	119.408033
2007	119.468158
2008	119.528282
2009	119.588407
2010	119.648532
2011	119.708657
2012	119.768782
2013	119.828907
2014	119.889032
2015	119.949157
2016	120.009282
2017	120.069406
2018	120.129531
2019	120.189656
2020	120.249781
2021	120.309906
2022	120.370031
2023	120.430156
2024	120.490281
2025	120.550406
2026	120.610530
2027	120.670655
2028	120.730780
2029	120.790905
2030	120.851030
2031	120.911155
2032	120.971280
2033	121.031405
2034	121.091530
2035	121.151655
2036	121.211779
2037	121.271904
2038	121.332029
2039	121.392154
2040	121.452279
2041	121.512404
2042	121.572529
2043	121.632654
2044	121.692779
2045	121.752903
2046	121.813028
2047	121.873153
