0	-1.195640
1	-1.135858
2	-1.076076
3	-1.016294
4	-0.956512
5	-0.896730
6	-0.836948
7	-0.777166
8	-0.717384
9	-0.657602
10	-0.597820
11	-0.538038
12	-0.478256
13	-0.418474
14	-0.358692
15	-0.298910
16	-0.239128
17	-0.179346
18	-0.119564
19	-0.059782
20	0.000000
21	0.059782
22	0.119564
23	0.179346
24	0.239128
25	0.298910
26	0.358692
27	0.418474
28	0.478256
29	0.538038
30	0.597820
31	0.657602
32	0.717384
33	0.777166
34	0.836948
35	0.896730
36	0.956512
37	1.016294
38	1.076076
39	1.135858
40	1.195640
41	1.255422
42	1.315204
43	1.374986
44	1.434768
45	1.494550
46	1.554332
47	1.614114
48	1.673896
49	1.733678
50	1.793460
51	1.853242
52	1.913024
53	1.972806
54	2.032588
55	2.092370
56	2.152152
57	2.211934
58	2.271716
59	2.331498
60	2.391281
61	2.451063
62	2.510845
63	2.570627
64	2.630409
65	2.690191
66	2.749973
67	2.809755
68	2.869537
69	2.929319
70	2.989101
71	3.048883
72	3.108665
73	3.168447
74	3.228229
75	3.288011
76	3.347793
77	3.407575
78	3.467357
79	3.527139
80	3.586921
81	3.646703
82	3.706485
83	3.766267
84	3.826049
85	3.885831
86	3.945613
87	4.005395
88	4.065177
89	4.124959
90	4.184741
91	4.244523
92	4.304305
93	4.364087
94	4.423869
95	4.483651
96	4.543433
97	4.603215
98	4.662997
99	4.722779
100	4.782561
101	4.842343
102	4.902125
103	4.961907
104	5.021689
105	5.081471
106	5.141253
107	5.201035
108	5.260817
109	5.320599
110	5.380381
111	5.440163
112	5.499945
113	5.559727
114	5.619509
115	5.679291
116	5.739073
117	5.798855
118	5.858637
119	5.918419
120	5.978201
121	6.037983
122	6.097765
123	6.157547
124	6.217329
125	6.277111
126	6.336893
127	6.396675
128	6.456457
129	6.516239
130	6.576021
131	6.635803
132	6.695585
133	6.755367
134	6.815149
135	6.874931
136	6.934714
137	6.994496
138	7.054278
139	7.114060
140	7.173842
141	7.233624
142	7.293406
143	7.353188
144	7.412970
145	7.472752
146	7.532534
147	7.592316
148	7.652098
149	7.711880
150	7.771662
151	7.831444
152	7.891226
153	7.951008
154	8.010790
155	8.070572
156	8.130354
157	8.190136
158	8.249918
159	8.309700
160	8.369482
161	8.429264
162	8.489046
163	8.548828
164	8.608610
165	8.668392
166	8.728174
167	8.787956
168	8.847738
169	8.907520
170	8.967302
171	9.027084
172	9.086866
173	9.146648
174	9.206430
175	9.266212
176	9.325994
177	9.385776
178	9.445558
179	9.505340
180	9.565122
181	9.624904
182	9.684686
183	9.744468
184	9.804250
185	9.864032
186	9.923814
187	9.983596
188	10.043378
189	10.103160
190	10.162942
191	10.222724
192	10.282506
193	10.342288
194	10.402070
195	10.461852
196	10.521634
197	10.581416
198	10.641198
199	10.700980
200	10.760762
201	10.820544
202	10.880326
203	10.940108
204	10.999890
205	11.059672
206	11.119454
207	11.179236
208	11.239018
209	11.298800
210	11.358582
211	11.418364
212	11.478146
213	11.537929
214	11.597711
215	11.657493
216	11.717275
217	11.777057
218	11.836839
219	11.896621
220	11.956403
221	12.016185
222	12.075967
223	12.135749
224	12.195531
225	12.255313
226	12.315095
227	12.374877
228	12.434659
229	12.494441
230	12.554223
231	12.614005
232	12.673787
233	12.733569
234	12.793351
235	12.853133
236	12.912915
237	12.972697
238	13.032479
239	13.092261
240	13.152043
241	13.211825
242	13.271607
243	13.331389
244	13.391171
245	13.450953
246	13.510735
247	13.570517
248	13.630299
249	13.690081
250	13.749863
251	13.809645
252	13.869427
253	13.929209
254	13.988991
255	14.048773
256	14.108555
257	14.168337
258	14.228119
259	14.287901
260	14.347683
261	14.407465
262	14.467247
263	14.527029
264	14.586811
265	14.646593
266	14.706375
267	14.766157
268	14.825939
269	14.885721
270	14.945503
271	15.005285
272	15.065067
273	15.124849
274	15.184631
275	15.244413
276	15.304195
277	15.363977
278	15.423759
279	15.483541
280	15.543323
281	15.603105
282	15.662887
283	15.722669
284	15.782451
285	15.842233
286	15.902015
287	15.961797
288	16.021579
289	16.081362
290	16.141144
291	16.200926
292	16.260708
293	16.320490
294	16.380272
295	16.440054
296	16.499836
297	16.559618
298	16.619400
299	16.679182
300	16.738964
301	16.798746
302	16.858528
303	16.918310
304	16.978092
305	17.037874
306	17.097656
307	17.157438
308	17.217220
309	17.277002
310	17.336784
311	17.396566
312	17.456348
313	17.516130
314	17.575912
315	17.635694
316	17.695476
317	17.755258
318	17.815040
319	17.874822
320	17.934604
321	17.994386
322	18.054168
323	18.113950
324	18.173732
325	18.233514
326	18.293296
327	18.353078
328	18.412860
329	18.472642
330	18.532424
331	18.592206
332	18.651988
333	18.711770
334	18.771552
335	18.831334
336	18.891116
337	18.950898
338	19.010680
339	19.070462
340	19.130244
341	19.190026
342	19.249808
343	19.309590
344	19.369372
345	19.429154
346	19.488936
347	19.548718
348	19.608500
349	19.668282
350	19.728064
351	19.787846
352	19.847628
353	19.907410
354	19.967192
355	20.026974
356	20.086756
357	20.146538
358	20.206320
359	20.266102
360	20.325884
361	20.385666
362	20.445448
363	20.505230
364	20.565012
365	20.624794
366	20.684577
367	20.744359
368	20.804141
369	20.863923
370	20.923705
371	20.983487
372	21.043269
373	21.103051
374	21.162833
375	21.222615
376	21.282397
377	21.342179
378	21.401961
379	21.461743
380	21.521525
381	21.581307
382	21.641089
383	21.700871
384	21.760653
385	21.820435
386	21.880217
387	21.939999
388	21.999781
389	22.059563
390	22.119345
391	22.179127
392	22.238909
393	22.298691
394	22.358473
395	22.418255
396	22.478037
397	22.537819
398	22.597601
399	22.657383
400	22.717165
401	22.776947
402	22.836729
403	22.896511
404	22.956293
405	23.016075
406	23.075857
407	23.135639
408	23.195421
409	23.255203
410	23.314985
411	23.374767
412	23.434549
413	23.494331
414	23.554113
415	23.613895
416	23.673677
417	23.733459
418	23.793241
419	23.853023
420	23.912805
421	23.972587
422	24.032369
423	24.092151
424	24.151933
425	24.211715
426	24.271497
427	24.331279
428	24.391061
429	24.450843
430	24.510625
431	24.570407
432	24.630189
433	24.689971
434	24.749753
435	24.809535
436	24.869317
437	24.929099
438	24.988881
439	25.048663
440	25.108445
441	25.168227
442	25.228010
443	25.287792
444	25.347574
445	25.407356
446	25.467138
447	25.526920
448	25.586702
449	25.646484
450	25.706266
451	25.766048
452	25.825830
453	25.885612
454	25.945394
455	26.005176
456	26.064958
457	26.124740
458	26.184522
459	26.244304
460	26.304086
461	26.363868
462	26.423650
463	26.483432
464	26.543214
465	26.602996
466	26.662778
467	26.722560
468	26.782342
469	26.842124
470	26.901906
471	26.961688
472	27.021470
473	27.081252
474	27.141034
475	27.200816
476	27.260598
477	27.320380
478	27.380162
479	27.439944
480	27.499726
481	27.559508
482	27.619290
483	27.679072
484	27.738854
485	27.798636
486	27.858418
487	27.918200
488	27.977982
489	28.037764
490	28.097546
491	28.157328
492	28.217110
493	28.276892
494	28.336674
495	28.396456
496	28.456238
497	28.516020
498	28.575802
499	28.635584
500	28.695366
501	28.755148
502	28.814930
503	28.874712
504	28.934494
505	28.994276
506	29.054058
507	29.113840
508	29.173622
509	29.233404
510	29.293186
511	29.352968
512	29.412750
513	29.472532
514	29.532314
515	29.592096
516	29.651878
517	29.711660
518	29.771442
519	29.831225
520	29.891007
521	29.950789
522	30.010571
523	30.070353
524	30.130135
525	30.189917
526	30.249699
527	30.309481
528	30.369263
529	30.429045
530	30.488827
531	30.548609
532	30.608391
533	30.668173
534	30.727955
535	30.787737
536	30.847519
537	30.907301
538	30.967083
539	31.026865
540	31.086647
541	31.146429
542	31.206211
543	31.265993
544	31.325775
545	31.385557
546	31.445339
547	31.505121
548	31.564903
549	31.624685
550	31.684467
551	31.744249
552	31.804031
553	31.863813
554	31.923595
555	31.983377
556	32.043159
557	32.102941
558	32.162723
559	32.222505
560	32.282287
561	32.342069
562	32.401851
563	32.461633
564	32.521415
565	32.581197
566	32.640979
567	32.700761
568	32.760543
569	32.820325
570	32.880107
571	32.939889
572	32.999671
573	33.059453
574	33.119235
575	33.179017
576	33.238799
577	33.298581
578	33.358363
579	33.418145
580	33.477927
581	33.537709
582	33.597491
583	33.657273
584	33.717055
585	33.776837
586	33.836619
587	33.896401
588	33.956183
589	34.015965
590	34.075747
591	34.135529
592	34.195311
593	34.255093
594	34.314875
595	34.374658
596	34.434440
597	34.494222
598	34.554004
599	34.613786
600	34.673568
601	34.733350
602	34.793132
603	34.852914
604	34.912696
605	34.972478
606	35.032260
607	35.092042
608	35.151824
609	35.211606
610	35.271388
611	35.331170
612	35.390952
613	35.450734
614	35.510516
615	35.570298
616	35.630080
617	35.689862
618	35.749644
619	35.809426
620	35.869208
621	35.928990
622	35.988772
623	36.048554
624	36.108336
625	36.168118
626	36.227900
627	36.287682
628	36.347464
629	36.407246
630	36.467028
631	36.526810
632	36.586592
633	36.646374
634	36.706156
635	36.765938
636	36.825720
637	36.885502
638	36.945284
639	37.005066
640	37.064848
641	37.124630
642	37.184412
643	37.244194
644	37.303976
645	37.363758
646	37.423540
647	37.483322
648	37.543104
649	37.602886
650	37.662668
651	37.722450
652	37.782232
653	37.842014
654	37.901796
655	37.961578
656	38.021360
657	38.081142
658	38.140924
659	38.200706
660	38.260488
661	38.320270
662	38.380052
663	38.439834
664	38.499616
665	38.559398
666	38.619180
667	38.678962
668	38.738744
669	38.798526
670	38.858308
671	38.918090
672	38.977873
673	39.037655
674	39.097437
675	39.157219
676	39.217001
677	39.276783
678	39.336565
679	39.396347
680	39.456129
681	39.515911
682	39.575693
683	39.635475
684	39.695257
685	39.755039
686	39.814821
687	39.874603
688	39.934385
689	39.994167
690	40.053949
691	40.113731
692	40.173513
693	40.233295
694	40.293077
695	40.352859
696	40.412641
697	40.472423
698	40.532205
699	40.591987
700	40.651769
701	40.711551
702	40.771333
703	40.831115
704	40.890897
705	40.950679
706	41.010461
707	41.070243
708	41.130025
709	41.189807
710	41.249589
711	41.309371
712	41.369153
713	41.428935
714	41.488717
715	41.548499
716	41.608281
717	41.668063
718	41.727845
719	41.787627
720	41.847409
721	41.907191
722	41.966973
723	42.026755
724	42.086537
725	42.146319
726	42.206101
727	42.265883
728	42.325665
729	42.385447
730	42.445229
731	42.505011
732	42.564793
733	42.624575
734	42.684357
735	42.744139
736	42.803921
737	42.863703
738	42.923485
739	42.983267
740	43.043049
741	43.102831
742	43.162613
743	43.222395
744	43.282177
745	43.341959
746	43.401741
747	43.461523
748	43.521306
749	43.581088
750	43.640870
751	43.700652
752	43.760434
753	43.820216
754	43.879998
755	43.939780
756	43.999562
757	44.059344
758	44.119126
759	44.178908
760	44.238690
761	44.298472
762	44.358254
763	44.418036
764	44.477818
765	44.537600
766	44.597382
767	44.657164
768	44.716946
769	44.776728
770	44.836510
771	44.896292
772	44.956074
773	45.015856
774	45.075638
775	45.135420
776	45.195202
777	45.254984
778	45.314766
779	45.374548
780	45.434330
781	45.494112
782	45.553894
783	45.613676
784	45.673458
785	45.733240
786	45.793022
787	45.852804
788	45.912586
789	45.972368
790	46.032150
791	46.091932
792	46.151714
793	46.211496
794	46.271278
795	46.331060
796	46.390842
797	46.450624
798	46.510406
799	46.570188
800	46.629970
801	46.689752
802	46.749534
803	46.809316
804	46.869098
805	46.928880
806	46.988662
807	47.048444
808	47.108226
809	47.168008
810	47.227790
811	47.287572
812	47.347354
813	47.407136
814	47.466918
815	47.526700
816	47.586482
817	47.646264
818	47.706046
819	47.765828
820	47.825610
821	47.885392
822	47.945174
823	48.004956
824	48.064738
825	48.124521
826	48.184303
827	48.244085
828	48.303867
829	48.363649
830	48.423431
831	48.483213
832	48.542995
833	48.602777
834	48.662559
835	48.722341
836	48.782123
837	48.841905
838	48.901687
839	48.961469
840	49.021251
841	49.081033
842	49.140815
843	49.200597
844	49.260379
845	49.320161
846	49.379943
847	49.439725
848	49.499507
849	49.559289
850	49.619071
851	49.678853
852	49.738635
853	49.798417
854	49.858199
855	49.917981
856	49.977763
857	50.037545
858	50.097327
859	50.157109
860	50.216891
861	50.276673
862	50.336455
863	50.396237
864	50.456019
865	50.515801
866	50.575583
867	50.635365
868	50.695147
869	50.754929
870	50.814711
871	50.874493
872	50.934275
873	50.994057
874	51.053839
875	51.113621
876	51.173403
877	51.233185
878	51.292967
879	51.352749
880	51.412531
881	51.472313
882	51.532095
883	51.591877
884	51.651659
885	51.711441
886	51.771223
887	51.831005
888	51.890787
889	51.950569
890	52.010351
891	52.070133
892	52.129915
893	52.189697
894	52.249479
895	52.309261
896	52.369043
897	52.428825
898	52.488607
899	52.548389
900	52.608171
901	52.667954
902	52.727736
903	52.787518
904	52.847300
905	52.907082
906	52.966864
907	53.026646
908	53.086428
909	53.146210
910	53.205992
911	53.265774
912	53.325556
913	53.385338
914	53.445120
915	53.504902
916	53.564684
917	53.624466
918	53.684248
919	53.744030
920	53.803812
921	53.863594
922	53.923376
923	53.983158
924	54.042940
925	54.102722
926	54.162504
927	54.222286
928	54.282068
929	54.341850
930	54.401632
931	54.461414
932	54.521196
933	54.580978
934	54.640760
935	54.700542
936	54.760324
937	54.820106
938	54.879888
939	54.939670
940	54.999452
941	55.059234
942	55.119016
943	55.178798
944	55.238580
945	55.298362
946	55.358144
947	55.417926
948	55.477708
949	55.537490
950	55.597272
951	55.657054
952	55.716836
953	55.776618
954	55.836400
955	55.896182
956	55.955964
957	56.015746
958	56.075528
959	56.135310
960	56.195092
961	56.254874
962	56.314656
963	56.374438
964	56.434220
965	56.494002
966	56.553784
967	56.613566
968	56.673348
969	56.733130
970	56.792912
971	56.852694
972	56.912476
973	56.972258
974	57.032040
975	57.091822
976	57.151604
977	57.211386
978	57.271169
979	57.330951
980	57.390733
981	57.450515
982	57.510297
983	57.570079
984	57.629861
985	57.689643
986	57.749425
987	57.809207
988	57.868989
989	57.928771
990	57.988553
991	58.048335
992	58.108117
993	58.167899
994	58.227681
995	58.287463
996	58.347245
997	58.407027
998	58.466809
999	58.526591
1000	58.586373
1001	58.646155
1002	58.705937
1003	58.765719
1004	58.825501
1005	58.885283
1006	58.945065
1007	59.004847
1008	59.064629
1009	59.124411
1010	59.184193
1011	59.243975
1012	59.303757
1013	59.363539
1014	59.423321
1015	59.483103
1016	59.542885
1017	59.602667
1018	59.662449
1019	59.722231
1020	59.782013
1021	59.841795
1022	59.901577
1023	59.961359
1024	60.021141
1025	60.080923
1026	60.140705
1027	60.200487
1028	60.260269
1029	60.320051
1030	60.379833
1031	60.439615
1032	60.499397
1033	60.559179
1034	60.618961
1035	60.678743
1036	60.738525
1037	60.798307
1038	60.858089
1039	60.917871
1040	60.977653
1041	61.037435
1042	61.097217
1043	61.156999
1044	61.216781
1045	61.276563
1046	61.336345
1047	61.396127
1048	61.455909
1049	61.515691
1050	61.575473
1051	61.635255
1052	61.695037
1053	61.754819
1054	61.814602
1055	61.874384
1056	61.934166
1057	61.993948
1058	62.053730
1059	62.113512
1060	62.173294
1061	62.233076
1062	62.292858
1063	62.352640
1064	62.412422
1065	62.472204
1066	62.531986
1067	62.591768
1068	62.651550
1069	62.711332
1070	62.771114
1071	62.830896
1072	62.890678
1073	62.950460
1074	63.010242
1075	63.070024
1076	63.129806
1077	63.189588
1078	63.249370
1079	63.309152
1080	63.368934
1081	63.428716
1082	63.488498
1083	63.548280
1084	63.608062
1085	63.667844
1086	63.727626
1087	63.787408
1088	63.847190
1089	63.906972
1090	63.966754
1091	64.026536
1092	64.086318
1093	64.146100
1094	64.205882
1095	64.265664
1096	64.325446
1097	64.385228
1098	64.445010
1099	64.504792
1100	64.564574
1101	64.624356
1102	64.684138
1103	64.743920
1104	64.803702
1105	64.863484
1106	64.923266
1107	64.983048
1108	65.042830
1109	65.102612
1110	65.162394
1111	65.222176
1112	65.281958
1113	65.341740
1114	65.401522
1115	65.461304
1116	65.521086
1117	65.580868
1118	65.640650
1119	65.700432
1120	65.760214
1121	65.819996
1122	65.879778
1123	65.939560
1124	65.999342
1125	66.059124
1126	66.118906
1127	66.178688
1128	66.238470
1129	66.298252
1130	66.358034
1131	66.417817
1132	66.477599
1133	66.537381
1134	66.597163
1135	66.656945
1136	66.716727
1137	66.776509
1138	66.836291
1139	66.896073
1140	66.955855
1141	67.015637
1142	67.075419
1143	67.135201
1144	67.194983
1145	67.254765
1146	67.314547
1147	67.374329
1148	67.434111
1149	67.493893
1150	67.553675
1151	67.613457
1152	67.673239
1153	67.733021
1154	67.792803
1155	67.852585
1156	67.912367
1157	67.972149
1158	68.031931
1159	68.091713
1160	68.151495
1161	68.211277
1162	68.271059
1163	68.330841
1164	68.390623
1165	68.450405
1166	68.510187
1167	68.569969
1168	68.629751
1169	68.689533
1170	68.749315
1171	68.809097
1172	68.868879
1173	68.928661
1174	68.988443
1175	69.048225
1176	69.108007
1177	69.167789
1178	69.227571
1179	69.287353
1180	69.347135
1181	69.406917
1182	69.466699
1183	69.526481
1184	69.586263
1185	69.646045
1186	69.705827
1187	69.765609
1188	69.825391
1189	69.885173
1190	69.944955
1191	70.004737
1192	70.064519
1193	70.124301
1194	70.184083
1195	70.243865
1196	70.303647
1197	70.363429
1198	70.423211
1199	70.482993
1200	70.542775
1201	70.602557
1202	70.662339
1203	70.722121
1204	70.781903
1205	70.841685
1206	70.901467
1207	70.961250
1208	71.021032
1209	71.080814
1210	71.140596
1211	71.200378
1212	71.260160
1213	71.319942
1214	71.379724
1215	71.439506
1216	71.499288
1217	71.559070
1218	71.618852
1219	71.678634
1220	71.738416
1221	71.798198
1222	71.857980
1223	71.917762
1224	71.977544
1225	72.037326
1226	72.097108
1227	72.156890
1228	72.216672
1229	72.276454
1230	72.336236
1231	72.396018
1232	72.455800
1233	72.515582
1234	72.575364
1235	72.635146
1236	72.694928
1237	72.754710
1238	72.814492
1239	72.874274
1240	72.934056
1241	72.993838
1242	73.053620
1243	73.113402
1244	73.173184
1245	73.232966
1246	73.292748
1247	73.352530
1248	73.412312
1249	73.472094
1250	73.531876
1251	73.591658
1252	73.651440
1253	73.711222
1254	73.771004
1255	73.830786
1256	73.890568
1257	73.950350
1258	74.010132
1259	74.069914
1260	74.129696
1261	74.189478
1262	74.249260
1263	74.309042
1264	74.368824
1265	74.428606
1266	74.488388
1267	74.548170
1268	74.607952
1269	74.667734
1270	74.727516
1271	74.787298
1272	74.847080
1273	74.906862
1274	74.966644
1275	75.026426
1276	75.086208
1277	75.145990
1278	75.205772
1279	75.265554
1280	75.325336
1281	75.385118
1282	75.444900
1283	75.504682
1284	75.564465
1285	75.624247
1286	75.684029
1287	75.743811
1288	75.803593
1289	75.863375
1290	75.923157
1291	75.982939
1292	76.042721
1293	76.102503
1294	76.162285
1295	76.222067
1296	76.281849
1297	76.341631
1298	76.401413
1299	76.461195
1300	76.520977
1301	76.580759
1302	76.640541
1303	76.700323
1304	76.760105
1305	76.819887
1306	76.879669
1307	76.939451
1308	76.999233
1309	77.059015
1310	77.118797
1311	77.178579
1312	77.238361
1313	77.298143
1314	77.357925
1315	77.417707
1316	77.477489
1317	77.537271
1318	77.597053
1319	77.656835
1320	77.716617
1321	77.776399
1322	77.836181
1323	77.895963
1324	77.955745
1325	78.015527
1326	78.075309
1327	78.135091
1328	78.194873
1329	78.254655
1330	78.314437
1331	78.374219
1332	78.434001
1333	78.493783
1334	78.553565
1335	78.613347
1336	78.673129
1337	78.732911
1338	78.792693
1339	78.852475
1340	78.912257
1341	78.972039
1342	79.031821
1343	79.091603
1344	79.151385
1345	79.211167
1346	79.270949
1347	79.330731
1348	79.390513
1349	79.450295
1350	79.510077
1351	79.569859
1352	79.629641
1353	79.689423
1354	79.749205
1355	79.808987
1356	79.868769
1357	79.928551
1358	79.988333
1359	80.048115
1360	80.107898
1361	80.167680
1362	80.227462
1363	80.287244
1364	80.347026
1365	80.406808
1366	80.466590
1367	80.526372
1368	80.586154
1369	80.645936
1370	80.705718
1371	80.765500
1372	80.825282
1373	80.885064
1374	80.944846
1375	81.004628
1376	81.064410
1377	81.124192
1378	81.183974
1379	81.243756
1380	81.303538
1381	81.363320
1382	81.423102
1383	81.482884
1384	81.542666
1385	81.602448
1386	81.662230
1387	81.722012
1388	81.781794
1389	81.841576
1390	81.901358
1391	81.961140
1392	82.020922
1393	82.080704
1394	82.140486
1395	82.200268
1396	82.260050
1397	82.319832
1398	82.379614
1399	82.439396
1400	82.499178
1401	82.558960
1402	82.618742
1403	82.678524
1404	82.738306
1405	82.798088
1406	82.857870
1407	82.917652
1408	82.977434
1409	83.037216
1410	83.096998
1411	83.156780
1412	83.216562
1413	83.276344
1414	83.336126
1415	83.395908
1416	83.455690
1417	83.515472
1418	83.575254
1419	83.635036
1420	83.694818
1421	83.754600
1422	83.814382
1423	83.874164
1424	83.933946
1425	83.993728
1426	84.053510
1427	84.113292
1428	84.173074
1429	84.232856
1430	84.292638
1431	84.352420
1432	84.412202
1433	84.471984
1434	84.531766
1435	84.591548
1436	84.651330
1437	84.711113
1438	84.770895
1439	84.830677
1440	84.890459
1441	84.950241
1442	85.010023
1443	85.069805
1444	85.129587
1445	85.189369
1446	85.249151
1447	85.308933
1448	85.368715
1449	85.428497
1450	85.488279
1451	85.548061
1452	85.607843
1453	85.667625
1454	85.727407
1455	85.787189
1456	85.846971
1457	85.906753
1458	85.966535
1459	86.026317
1460	86.086099
1461	86.145881
1462	86.205663
1463	86.265445
1464	86.325227
1465	86.385009
1466	86.444791
1467	86.504573
1468	86.564355
1469	86.624137
1470	86.683919
1471	86.743701
1472	86.803483
1473	86.863265
1474	86.923047
1475	86.982829
1476	87.042611
1477	87.102393
1478	87.162175
1479	87.221957
1480	87.281739
1481	87.341521
1482	87.401303
1483	87.461085
1484	87.520867
1485	87.580649
1486	87.640431
1487	87.700213
1488	87.759995
1489	87.819777
1490	87.879559
1491	87.939341
1492	87.999123
1493	88.058905
1494	88.118687
1495	88.178469
1496	88.238251
1497	88.298033
1498	88.357815
1499	88.417597
1500	88.477379
1501	88.537161
1502	88.596943
1503	88.656725
1504	88.716507
1505	88.776289
1506	88.836071
1507	88.895853
1508	88.955635
1509	89.015417
1510	89.075199
1511	89.134981
1512	89.194763
1513	89.254546
1514	89.314328
1515	89.374110
1516	89.433892
1517	89.493674
1518	89.553456
1519	89.613238
1520	89.673020
1521	89.732802
1522	89.792584
1523	89.852366
1524	89.912148
1525	89.971930
1526	90.031712
1527	90.091494
1528	90.151276
1529	90.211058
1530	90.270840
1531	90.330622
1532	90.390404
1533	90.450186
1534	90.509968
1535	90.569750
1536	90.629532
1537	90.689314
1538	90.749096
1539	90.808878
1540	90.868660
1541	90.928442
1542	90.988224
1543	91.048006
1544	91.107788
1545	91.167570
1546	91.227352
1547	91.287134
1548	91.346916
1549	91.406698
1550	91.466480
1551	91.526262
1552	91.586044
1553	91.645826
1554	91.705608
1555	91.765390
1556	91.825172
1557	91.884954
1558	91.944736
1559	92.004518
1560	92.064300
1561	92.124082
1562	92.183864
1563	92.243646
1564	92.303428
1565	92.363210
1566	92.422992
1567	92.482774
1568	92.542556
1569	92.602338
1570	92.662120
1571	92.721902
1572	92.781684
1573	92.841466
1574	92.901248
1575	92.961030
1576	93.020812
1577	93.080594
1578	93.140376
1579	93.200158
1580	93.259940
1581	93.319722
1582	93.379504
1583	93.439286
1584	93.499068
1585	93.558850
1586	93.618632
1587	93.678414
1588	93.738196
1589	93.797978
1590	93.857761
1591	93.917543
1592	93.977325
1593	94.037107
1594	94.096889
1595	94.156671
1596	94.216453
1597	94.276235
1598	94.336017
1599	94.395799
1600	94.455581
1601	94.515363
1602	94.575145
1603	94.634927
1604	94.694709
1605	94.754491
1606	94.814273
1607	94.874055
1608	94.933837
1609	94.993619
1610	95.053401
1611	95.113183
1612	95.172965
1613	95.232747
1614	95.292529
1615	95.352311
1616	95.412093
1617	95.471875
1618	95.531657
1619	95.591439
1620	95.651221
1621	95.711003
1622	95.770785
1623	95.830567
1624	95.890349
1625	95.950131
1626	96.009913
1627	96.069695
1628	96.129477
1629	96.189259
1630	96.249041
1631	96.308823
1632	96.368605
1633	96.428387
1634	96.488169
1635	96.547951
1636	96.607733
1637	96.667515
1638	96.727297
1639	96.787079
1640	96.846861
1641	96.906643
1642	96.966425
1643	97.026207
1644	97.085989
1645	97.145771
1646	97.205553
1647	97.265335
1648	97.325117
1649	97.384899
1650	97.444681
1651	97.504463
1652	97.564245
1653	97.624027
1654	97.683809
1655	97.743591
1656	97.803373
1657	97.863155
1658	97.922937
1659	97.982719
1660	98.042501
1661	98.102283
1662	98.162065
1663	98.221847
1664	98.281629
1665	98.341411
1666	98.401194
1667	98.460976
1668	98.520758
1669	98.580540
1670	98.640322
1671	98.700104
1672	98.759886
1673	98.819668
1674	98.879450
1675	98.939232
1676	98.999014
1677	99.058796
1678	99.118578
1679	99.178360
1680	99.238142
1681	99.297924
1682	99.357706
1683	99.417488
1684	99.477270
1685	99.537052
1686	99.596834
1687	99.656616
1688	99.716398
1689	99.776180
1690	99.835962
1691	99.895744
1692	99.955526
1693	100.015308
1694	100.075090
1695	100.134872
1696	100.194654
1697	100.254436
1698	100.314218
1699	100.374000
1700	100.433782
1701	100.493564
1702	100.553346
1703	100.613128
1704	100.672910
1705	100.732692
1706	100.792474
1707	100.852256
1708	100.912038
1709	100.971820
1710	101.031602
1711	101.091384
1712	101.151166
1713	101.210948
1714	101.270730
1715	101.330512
1716	101.390294
1717	101.450076
1718	101.509858
1719	101.569640
1720	101.629422
1721	101.689204
1722	101.748986
1723	101.808768
1724	101.868550
1725	101.928332
1726	101.988114
1727	102.047896
1728	102.107678
1729	102.167460
1730	102.227242
1731	102.287024
1732	102.346806
1733	102.406588
1734	102.466370
1735	102.526152
1736	102.585934
1737	102.645716
1738	102.705498
1739	102.765280
1740	102.825062
1741	102.884844
1742	102.944626
1743	103.004409
1744	103.064191
1745	103.123973
1746	103.183755
1747	103.243537
1748	103.303319
1749	103.363101
1750	103.422883
1751	103.482665
1752	103.542447
1753	103.602229
1754	103.662011
1755	103.721793
1756	103.781575
1757	103.841357
1758	103.901139
1759	103.960921
1760	104.020703
1761	104.080485
1762	104.140267
1763	104.200049
1764	104.259831
1765	104.319613
1766	104.379395
1767	104.439177
1768	104.498959
1769	104.558741
1770	104.618523
1771	104.678305
1772	104.738087
1773	104.797869
1774	104.857651
1775	104.917433
1776	104.977215
1777	105.036997
1778	105.096779
1779	105.156561
1780	105.216343
1781	105.276125
1782	105.335907
1783	105.395689
1784	105.455471
1785	105.515253
1786	105.575035
1787	105.634817
1788	105.694599
1789	105.754381
1790	105.814163
1791	105.873945
1792	105.933727
1793	105.993509
1794	106.053291
1795	106.113073
1796	106.172855
1797	106.232637
1798	106.292419
1799	106.352201
1800	106.411983
1801	106.471765
1802	106.531547
1803	106.591329
1804	106.651111
1805	106.710893
1806	106.770675
1807	106.830457
1808	106.890239
1809	106.950021
1810	107.009803
1811	107.069585
1812	107.129367
1813	107.189149
1814	107.248931
1815	107.308713
1816	107.368495
1817	107.428277
1818	107.488059
1819	107.547842
1820	107.607624
1821	107.667406
1822	107.727188
1823	107.786970
1824	107.846752
1825	107.906534
1826	107.966316
1827	108.026098
1828	108.085880
1829	108.145662
1830	108.205444
1831	108.265226
1832	108.325008
1833	108.384790
1834	108.444572
1835	108.504354
1836	108.564136
1837	108.623918
1838	108.683700
1839	108.743482
1840	108.803264
1841	108.863046
1842	108.922828
1843	108.982610
1844	109.042392
1845	109.102174
1846	109.161956
1847	109.221738
1848	109.281520
1849	109.341302
1850	109.401084
1851	109.460866
1852	109.520648
1853	109.580430
1854	109.640212
1855	109.699994
1856	109.759776
1857	109.819558
1858	109.879340
1859	109.939122
1860	109.998904
1861	110.058686
1862	110.118468
1863	110.178250
1864	110.238032
1865	110.297814
1866	110.357596
1867	110.417378
1868	110.477160
1869	110.536942
1870	110.596724
1871	110.656506
1872	110.716288
1873	110.776070
1874	110.835852
1875	110.895634
1876	110.955416
1877	111.015198
1878	111.074980
1879	111.134762
1880	111.194544
1881	111.254326
1882	111.314108
1883	111.373890
1884	111.433672
1885	111.493454
1886	111.553236
1887	111.613018
1888	111.672800
1889	111.732582
1890	111.792364
1891	111.852146
1892	111.911928
1893	111.971710
1894	112.031492
1895	112.091274
1896	112.151057
1897	112.210839
1898	112.270621
1899	112.330403
1900	112.390185
1901	112.449967
1902	112.509749
1903	112.569531
1904	112.629313
1905	112.689095
1906	112.748877
1907	112.808659
1908	112.868441
1909	112.928223
1910	112.988005
1911	113.047787
1912	113.107569
1913	113.167351
1914	113.227133
1915	113.286915
1916	113.346697
1917	113.406479
1918	113.466261
1919	113.526043
1920	113.585825
1921	113.645607
1922	113.705389
1923	113.765171
1924	113.824953
1925	113.884735
1926	113.944517
1927	114.004299
1928	114.064081
1929	114.123863
1930	114.183645
1931	114.243427
1932	114.303209
1933	114.362991
1934	114.422773
1935	114.482555
1936	114.542337
1937	114.602119
1938	114.661901
1939	114.721683
1940	114.781465
1941	114.841247
1942	114.901029
1943	114.960811
1944	115.020593
1945	115.080375
1946	115.140157
1947	115.199939
1948	115.259721
1949	115.319503
1950	115.379285
1951	115.439067
1952	115.498849
1953	115.558631
1954	115.618413
1955	115.678195
1956	115.737977
1957	115.797759
1958	115.857541
1959	115.917323
1960	115.977105
1961	116.036887
1962	116.096669
1963	116.156451
1964	116.216233
1965	116.276015
1966	116.335797
1967	116.395579
1968	116.455361
1969	116.515143
1970	116.574925
1971	116.634707
1972	116.694490
1973	116.754272
1974	116.814054
1975	116.873836
1976	116.933618
1977	116.993400
1978	117.053182
1979	117.112964
1980	117.172746
1981	117.232528
1982	117.292310
1983	117.352092
1984	117.411874
1985	117.471656
1986	117.531438
1987	117.591220
1988	117.651002
1989	117.710784
1990	117.770566
1991	117.830348
1992	117.890130
1993	117.949912
1994	118.009694
1995	118.069476
1996	118.129258
1997	118.189040
1998	118.248822
1999	118.308604
2000	118.368386
2001	118.428168
2002	118.487950
2003	118.547732
2004	118.607514
2005	118.667296
2006	118.727078
2007	118.786860
2008	118.846642
2009	118.906424
2010	118.966206
2011	119.025988
2012	119.085770
2013	119.145552
2014	119.205334
2015	119.265116
2016	119.324898
2017	119.384680
2018	119.444462
2019	119.504244
2020	119.564026
2021	119.623808
2022	119.683590
2023	119.743372
2024	119.803154
2025	119.862936
2026	119.922718
2027	119.982500
2028	120.042282
2029	120.102064
2030	120.161846
2031	120.221628
2032	120.281410
2033	120.341192
2034	120.400974
2035	120.460756
2036	120.520538
2037	120.580320
2038	120.640102
2039	120.699884
2040	120.759666
2041	120.819448
2042	120.879230
2043	120.939012
2044	120.998794
2045	121.058576
2046	121.118358
2047	121.178140
