0	-1.187716
1	-1.128330
2	-1.068944
3	-1.009559
4	-0.950173
5	-0.890787
6	-0.831401
7	-0.772015
8	-0.712630
9	-0.653244
10	-0.593858
11	-0.534472
12	-0.475086
13	-0.415701
14	-0.356315
15	-0.296929
16	-0.237543
17	-0.178157
18	-0.118772
19	-0.059386
20	0.000000
21	0.059386
22	0.118772
23	0.178157
24	0.237543
25	0.296929
26	0.356315
27	0.415701
28	0.475086
29	0.534472
30	0.593858
31	0.653244
32	0.712630
33	0.772015
34	0.831401
35	0.890787
36	0.950173
37	1.009559
38	1.068944
39	1.128330
40	1.187716
41	1.247102
42	1.306488
43	1.365873
44	1.425259
45	1.484645
46	1.544031
47	1.603417
48	1.662802
49	1.722188
50	1.781574
51	1.840960
52	1.900346
53	1.959731
54	2.019117
55	2.078503
56	2.137889
57	2.197275
58	2.256660
59	2.316046
60	2.375432
61	2.434818
62	2.494204
63	2.553589
64	2.612975
65	2.672361
66	2.731747
67	2.791133
68	2.850518
69	2.909904
70	2.969290
71	3.028676
72	3.088062
73	3.147447
74	3.206833
75	3.266219
76	3.325605
77	3.384991
78	3.444376
79	3.503762
80	3.563148
81	3.622534
82	3.681920
83	3.741305
84	3.800691
85	3.860077
86	3.919463
87	3.978849
88	4.038234
89	4.097620
90	4.157006
91	4.216392
92	4.275778
93	4.335163
94	4.394549
95	4.453935
96	4.513321
97	4.572707
98	4.632092
99	4.691478
100	4.750864
101	4.810250
102	4.869636
103	4.929021
104	4.988407
105	5.047793
106	5.107179
107	5.166565
108	5.225950
109	5.285336
110	5.344722
111	5.404108
112	5.463494
113	5.522879
114	5.582265
115	5.641651
116	5.701037
117	5.760423
118	5.819808
119	5.879194
120	5.938580
121	5.997966
122	6.057352
123	6.116737
124	6.176123
125	6.235509
126	6.294895
127	6.354281
128	6.413666
129	6.473052
130	6.532438
131	6.591824
132	6.651210
133	6.710595
134	6.769981
135	6.829367
136	6.888753
137	6.948139
138	7.007524
139	7.066910
140	7.126296
141	7.185682
142	7.245068
143	7.304453
144	7.363839
145	7.423225
146	7.482611
147	7.541997
148	7.601382
149	7.660768
150	7.720154
151	7.779540
152	7.838926
153	7.898311
154	7.957697
155	8.017083
156	8.076469
157	8.135855
158	8.195240
159	8.254626
160	8.314012
161	8.373398
162	8.432784
163	8.492169
164	8.551555
165	8.610941
166	8.670327
167	8.729713
168	8.789099
169	8.848484
170	8.907870
171	8.967256
172	9.026642
173	9.086028
174	9.145413
175	9.204799
176	9.264185
177	9.323571
178	9.382957
179	9.442342
180	9.501728
181	9.561114
182	9.620500
183	9.679886
184	9.739271
185	9.798657
186	9.858043
187	9.917429
188	9.976815
189	10.036200
190	10.095586
191	10.154972
192	10.214358
193	10.273744
194	10.333129
195	10.392515
196	10.451901
197	10.511287
198	10.570673
199	10.630058
200	10.689444
201	10.748830
202	10.808216
203	10.867602
204	10.926987
205	10.986373
206	11.045759
207	11.105145
208	11.164531
209	11.223916
210	11.283302
211	11.342688
212	11.402074
213	11.461460
214	11.520845
215	11.580231
216	11.639617
217	11.699003
218	11.758389
219	11.817774
220	11.877160
221	11.936546
222	11.995932
223	12.055318
224	12.114703
225	12.174089
226	12.233475
227	12.292861
228	12.352247
229	12.411632
230	12.471018
231	12.530404
232	12.589790
233	12.649176
234	12.708561
235	12.767947
236	12.827333
237	12.886719
238	12.946105
239	13.005490
240	13.064876
241	13.124262
242	13.183648
243	13.243034
244	13.302419
245	13.361805
246	13.421191
247	13.480577
248	13.539963
249	13.599348
250	13.658734
251	13.718120
252	13.777506
253	13.836892
254	13.896277
255	13.955663
256	14.015049
257	14.074435
258	14.133821
259	14.193206
260	14.252592
261	14.311978
262	14.371364
263	14.430750
264	14.490135
265	14.549521
266	14.608907
267	14.668293
268	14.727679
269	14.787064
270	14.846450
271	14.905836
272	14.965222
273	15.024608
274	15.083993
275	15.143379
276	15.202765
277	15.262151
278	15.321537
279	15.380922
280	15.440308
281	15.499694
282	15.559080
283	15.618466
284	15.677851
285	15.737237
286	15.796623
287	15.856009
288	15.915395
289	15.974780
290	16.034166
291	16.093552
292	16.152938
293	16.212324
294	16.271709
295	16.331095
296	16.390481
297	16.449867
298	16.509253
299	16.568638
300	16.628024
301	16.687410
302	16.746796
303	16.806182
304	16.865567
305	16.924953
306	16.984339
307	17.043725
308	17.103111
309	17.162496
310	17.221882
311	17.281268
312	17.340654
313	17.400040
314	17.459425
315	17.518811
316	17.578197
317	17.637583
318	17.696969
319	17.756354
320	17.815740
321	17.875126
322	17.934512
323	17.993898
324	18.053283
325	18.112669
326	18.172055
327	18.231441
328	18.290827
329	18.350212
330	18.409598
331	18.468984
332	18.528370
333	18.587756
334	18.647141
335	18.706527
336	18.765913
337	18.825299
338	18.884685
339	18.944070
340	19.003456
341	19.062842
342	19.122228
343	19.181614
344	19.240999
345	19.300385
346	19.359771
347	19.419157
348	19.478543
349	19.537928
350	19.597314
351	19.656700
352	19.716086
353	19.775472
354	19.834857
355	19.894243
356	19.953629
357	20.013015
358	20.072401
359	20.131786
360	20.191172
361	20.250558
362	20.309944
363	20.369330
364	20.428715
365	20.488101
366	20.547487
367	20.606873
368	20.666259
369	20.725644
370	20.785030
371	20.844416
372	20.903802
373	20.963188
374	21.022573
375	21.081959
376	21.141345
377	21.200731
378	21.260117
379	21.319502
380	21.378888
381	21.438274
382	21.497660
383	21.557046
384	21.616431
385	21.675817
386	21.735203
387	21.794589
388	21.853975
389	21.913360
390	21.972746
391	22.032132
392	22.091518
393	22.150904
394	22.210289
395	22.269675
396	22.329061
397	22.388447
398	22.447833
399	22.507218
400	22.566604
401	22.625990
402	22.685376
403	22.744762
404	22.804147
405	22.863533
406	22.922919
407	22.982305
408	23.041691
409	23.101076
410	23.160462
411	23.219848
412	23.279234
413	23.338620
414	23.398005
415	23.457391
416	23.516777
417	23.576163
418	23.635549
419	23.694934
420	23.754320
421	23.813706
422	23.873092
423	23.932478
424	23.991863
425	24.051249
426	24.110635
427	24.170021
428	24.229407
429	24.288792
430	24.348178
431	24.407564
432	24.466950
433	24.526336
434	24.585721
435	24.645107
436	24.704493
437	24.763879
438	24.823265
439	24.882650
440	24.942036
441	25.001422
442	25.060808
443	25.120194
444	25.179579
445	25.238965
446	25.298351
447	25.357737
448	25.417123
449	25.476508
450	25.535894
451	25.595280
452	25.654666
453	25.714052
454	25.773437
455	25.832823
456	25.892209
457	25.951595
458	26.010981
459	26.070367
460	26.129752
461	26.189138
462	26.248524
463	26.307910
464	26.367296
465	26.426681
466	26.486067
467	26.545453
468	26.604839
469	26.664225
470	26.723610
471	26.782996
472	26.842382
473	26.901768
474	26.961154
475	27.020539
476	27.079925
477	27.139311
478	27.198697
479	27.258083
480	27.317468
481	27.376854
482	27.436240
483	27.495626
484	27.555012
485	27.614397
486	27.673783
487	27.733169
488	27.792555
489	27.851941
490	27.911326
491	27.970712
492	28.030098
493	28.089484
494	28.148870
495	28.208255
496	28.267641
497	28.327027
498	28.386413
499	28.445799
500	28.505184
501	28.564570
502	28.623956
503	28.683342
504	28.742728
505	28.802113
506	28.861499
507	28.920885
508	28.980271
509	29.039657
510	29.099042
511	29.158428
512	29.217814
513	29.277200
514	29.336586
515	29.395971
516	29.455357
517	29.514743
518	29.574129
519	29.633515
520	29.692900
521	29.752286
522	29.811672
523	29.871058
524	29.930444
525	29.989829
526	30.049215
527	30.108601
528	30.167987
529	30.227373
530	30.286758
531	30.346144
532	30.405530
533	30.464916
534	30.524302
535	30.583687
536	30.643073
537	30.702459
538	30.761845
539	30.821231
540	30.880616
541	30.940002
542	30.999388
543	31.058774
544	31.118160
545	31.177545
546	31.236931
547	31.296317
548	31.355703
549	31.415089
550	31.474474
551	31.533860
552	31.593246
553	31.652632
554	31.712018
555	31.771403
556	31.830789
557	31.890175
558	31.949561
559	32.008947
560	32.068332
561	32.127718
562	32.187104
563	32.246490
564	32.305876
565	32.365261
566	32.424647
567	32.484033
568	32.543419
569	32.602805
570	32.662190
571	32.721576
572	32.780962
573	32.840348
574	32.899734
575	32.959119
576	33.018505
577	33.077891
578	33.137277
579	33.196663
580	33.256048
581	33.315434
582	33.374820
583	33.434206
584	33.493592
585	33.552977
586	33.612363
587	33.671749
588	33.731135
589	33.790521
590	33.849906
591	33.909292
592	33.968678
593	34.028064
594	34.087450
595	34.146835
596	34.206221
597	34.265607
598	34.324993
599	34.384379
600	34.443764
601	34.503150
602	34.562536
603	34.621922
604	34.681308
605	34.740693
606	34.800079
607	34.859465
608	34.918851
609	34.978237
610	35.037622
611	35.097008
612	35.156394
613	35.215780
614	35.275166
615	35.334551
616	35.393937
617	35.453323
618	35.512709
619	35.572095
620	35.631480
621	35.690866
622	35.750252
623	35.809638
624	35.869024
625	35.928409
626	35.987795
627	36.047181
628	36.106567
629	36.165953
630	36.225338
631	36.284724
632	36.344110
633	36.403496
634	36.462882
635	36.522267
636	36.581653
637	36.641039
638	36.700425
639	36.759811
640	36.819196
641	36.878582
642	36.937968
643	36.997354
644	37.056740
645	37.116125
646	37.175511
647	37.234897
648	37.294283
649	37.353669
650	37.413054
651	37.472440
652	37.531826
653	37.591212
654	37.650598
655	37.709983
656	37.769369
657	37.828755
658	37.888141
659	37.947527
660	38.006912
661	38.066298
662	38.125684
663	38.185070
664	38.244456
665	38.303841
666	38.363227
667	38.422613
668	38.481999
669	38.541385
670	38.600770
671	38.660156
672	38.719542
673	38.778928
674	38.838314
675	38.897699
676	38.957085
677	39.016471
678	39.075857
679	39.135243
680	39.194628
681	39.254014
682	39.313400
683	39.372786
684	39.432172
685	39.491557
686	39.550943
687	39.610329
688	39.669715
689	39.729101
690	39.788486
691	39.847872
692	39.907258
693	39.966644
694	40.026030
695	40.085415
696	40.144801
697	40.204187
698	40.263573
699	40.322959
700	40.382344
701	40.441730
702	40.501116
703	40.560502
704	40.619888
705	40.679273
706	40.738659
707	40.798045
708	40.857431
709	40.916817
710	40.976202
711	41.035588
712	41.094974
713	41.154360
714	41.213746
715	41.273131
716	41.332517
717	41.391903
718	41.451289
719	41.510675
720	41.570060
721	41.629446
722	41.688832
723	41.748218
724	41.807604
725	41.866989
726	41.926375
727	41.985761
728	42.045147
729	42.104533
730	42.163918
731	42.223304
732	42.282690
733	42.342076
734	42.401462
735	42.460847
736	42.520233
737	42.579619
738	42.639005
739	42.698391
740	42.757776
741	42.817162
742	42.876548
743	42.935934
744	42.995320
745	43.054706
746	43.114091
747	43.173477
748	43.232863
749	43.292249
750	43.351635
751	43.411020
752	43.470406
753	43.529792
754	43.589178
755	43.648564
756	43.707949
757	43.767335
758	43.826721
759	43.886107
760	43.945493
761	44.004878
762	44.064264
763	44.123650
764	44.183036
765	44.242422
766	44.301807
767	44.361193
768	44.420579
769	44.479965
770	44.539351
771	44.598736
772	44.658122
773	44.717508
774	44.776894
775	44.836280
776	44.895665
777	44.955051
778	45.014437
779	45.073823
780	45.133209
781	45.192594
782	45.251980
783	45.311366
784	45.370752
785	45.430138
786	45.489523
787	45.548909
788	45.608295
789	45.667681
790	45.727067
791	45.786452
792	45.845838
793	45.905224
794	45.964610
795	46.023996
796	46.083381
797	46.142767
798	46.202153
799	46.261539
800	46.320925
801	46.380310
802	46.439696
803	46.499082
804	46.558468
805	46.617854
806	46.677239
807	46.736625
808	46.796011
809	46.855397
810	46.914783
811	46.974168
812	47.033554
813	47.092940
814	47.152326
815	47.211712
816	47.271097
817	47.330483
818	47.389869
819	47.449255
820	47.508641
821	47.568026
822	47.627412
823	47.686798
824	47.746184
825	47.805570
826	47.864955
827	47.924341
828	47.983727
829	48.043113
830	48.102499
831	48.161884
832	48.221270
833	48.280656
834	48.340042
835	48.399428
836	48.458813
837	48.518199
838	48.577585
839	48.636971
840	48.696357
841	48.755742
842	48.815128
843	48.874514
844	48.933900
845	48.993286
846	49.052671
847	49.112057
848	49.171443
849	49.230829
850	49.290215
851	49.349600
852	49.408986
853	49.468372
854	49.527758
855	49.587144
856	49.646529
857	49.705915
858	49.765301
859	49.824687
860	49.884073
861	49.943458
862	50.002844
863	50.062230
864	50.121616
865	50.181002
866	50.240387
867	50.299773
868	50.359159
869	50.418545
870	50.477931
871	50.537316
872	50.596702
873	50.656088
874	50.715474
875	50.774860
876	50.834245
877	50.893631
878	50.953017
879	51.012403
880	51.071789
881	51.131174
882	51.190560
883	51.249946
884	51.309332
885	51.368718
886	51.428103
887	51.487489
888	51.546875
889	51.606261
890	51.665647
891	51.725032
892	51.784418
893	51.843804
894	51.903190
895	51.962576
896	52.021961
897	52.081347
898	52.140733
899	52.200119
900	52.259505
901	52.318890
902	52.378276
903	52.437662
904	52.497048
905	52.556434
906	52.615819
907	52.675205
908	52.734591
909	52.793977
910	52.853363
911	52.912748
912	52.972134
913	53.031520
914	53.090906
915	53.150292
916	53.209677
917	53.269063
918	53.328449
919	53.387835
920	53.447221
921	53.506606
922	53.565992
923	53.625378
924	53.684764
925	53.744150
926	53.803535
927	53.862921
928	53.922307
929	53.981693
930	54.041079
931	54.100464
932	54.159850
933	54.219236
934	54.278622
935	54.338008
936	54.397393
937	54.456779
938	54.516165
939	54.575551
940	54.634937
941	54.694322
942	54.753708
943	54.813094
944	54.872480
945	54.931866
946	54.991251
947	55.050637
948	55.110023
949	55.169409
950	55.228795
951	55.288180
952	55.347566
953	55.406952
954	55.466338
955	55.525724
956	55.585109
957	55.644495
958	55.703881
959	55.763267
960	55.822653
961	55.882038
962	55.941424
963	56.000810
964	56.060196
965	56.119582
966	56.178967
967	56.238353
968	56.297739
969	56.357125
970	56.416511
971	56.475896
972	56.535282
973	56.594668
974	56.654054
975	56.713440
976	56.772825
977	56.832211
978	56.891597
979	56.950983
980	57.010369
981	57.069754
982	57.129140
983	57.188526
984	57.247912
985	57.307298
986	57.366683
987	57.426069
988	57.485455
989	57.544841
990	57.604227
991	57.663612
992	57.722998
993	57.782384
994	57.841770
995	57.901156
996	57.960541
997	58.019927
998	58.079313
999	58.138699
1000	58.198085
1001	58.257470
1002	58.316856
1003	58.376242
1004	58.435628
1005	58.495014
1006	58.554399
1007	58.613785
1008	58.673171
1009	58.732557
1010	58.791943
1011	58.851328
1012	58.910714
1013	58.970100
1014	59.029486
1015	59.088872
1016	59.148257
1017	59.207643
1018	59.267029
1019	59.326415
1020	59.385801
1021	59.445186
1022	59.504572
1023	59.563958
1024	59.623344
1025	59.682730
1026	59.742115
1027	59.801501
1028	59.860887
1029	59.920273
1030	59.979659
1031	60.039044
1032	60.098430
1033	60.157816
1034	60.217202
1035	60.276588
1036	60.335974
1037	60.395359
1038	60.454745
1039	60.514131
1040	60.573517
1041	60.632903
1042	60.692288
1043	60.751674
1044	60.811060
1045	60.870446
1046	60.929832
1047	60.989217
1048	61.048603
1049	61.107989
1050	61.167375
1051	61.226761
1052	61.286146
1053	61.345532
1054	61.404918
1055	61.464304
1056	61.523690
1057	61.583075
1058	61.642461
1059	61.701847
1060	61.761233
1061	61.820619
1062	61.880004
1063	61.939390
1064	61.998776
1065	62.058162
1066	62.117548
1067	62.176933
1068	62.236319
1069	62.295705
1070	62.355091
1071	62.414477
1072	62.473862
1073	62.533248
1074	62.592634
1075	62.652020
1076	62.711406
1077	62.770791
1078	62.830177
1079	62.889563
1080	62.948949
1081	63.008335
1082	63.067720
1083	63.127106
1084	63.186492
1085	63.245878
1086	63.305264
1087	63.364649
1088	63.424035
1089	63.483421
1090	63.542807
1091	63.602193
1092	63.661578
1093	63.720964
1094	63.780350
1095	63.839736
1096	63.899122
1097	63.958507
1098	64.017893
1099	64.077279
1100	64.136665
1101	64.196051
1102	64.255436
1103	64.314822
1104	64.374208
1105	64.433594
1106	64.492980
1107	64.552365
1108	64.611751
1109	64.671137
1110	64.730523
1111	64.789909
1112	64.849294
1113	64.908680
1114	64.968066
1115	65.027452
1116	65.086838
1117	65.146223
1118	65.205609
1119	65.264995
1120	65.324381
1121	65.383767
1122	65.443152
1123	65.502538
1124	65.561924
1125	65.621310
1126	65.680696
1127	65.740081
1128	65.799467
1129	65.858853
1130	65.918239
1131	65.977625
1132	66.037010
1133	66.096396
1134	66.155782
1135	66.215168
1136	66.274554
1137	66.333939
1138	66.393325
1139	66.452711
1140	66.512097
1141	66.571483
1142	66.630868
1143	66.690254
1144	66.749640
1145	66.809026
1146	66.868412
1147	66.927797
1148	66.987183
1149	67.046569
1150	67.105955
1151	67.165341
1152	67.224726
1153	67.284112
1154	67.343498
1155	67.402884
1156	67.462270
1157	67.521655
1158	67.581041
1159	67.640427
1160	67.699813
1161	67.759199
1162	67.818584
1163	67.877970
1164	67.937356
1165	67.996742
1166	68.056128
1167	68.115513
1168	68.174899
1169	68.234285
1170	68.293671
1171	68.353057
1172	68.412442
1173	68.471828
1174	68.531214
1175	68.590600
1176	68.649986
1177	68.709371
1178	68.768757
1179	68.828143
1180	68.887529
1181	68.946915
1182	69.006300
1183	69.065686
1184	69.125072
1185	69.184458
1186	69.243844
1187	69.303229
1188	69.362615
1189	69.422001
1190	69.481387
1191	69.540773
1192	69.600158
1193	69.659544
1194	69.718930
1195	69.778316
1196	69.837702
1197	69.897087
1198	69.956473
1199	70.015859
1200	70.075245
1201	70.134631
1202	70.194016
1203	70.253402
1204	70.312788
1205	70.372174
1206	70.431560
1207	70.490945
1208	70.550331
1209	70.609717
1210	70.669103
1211	70.728489
1212	70.787874
1213	70.847260
1214	70.906646
1215	70.966032
1216	71.025418
1217	71.084803
1218	71.144189
1219	71.203575
1220	71.262961
1221	71.322347
1222	71.381732
1223	71.441118
1224	71.500504
1225	71.559890
1226	71.619276
1227	71.678661
1228	71.738047
1229	71.797433
1230	71.856819
1231	71.916205
1232	71.975590
1233	72.034976
1234	72.094362
1235	72.153748
1236	72.213134
1237	72.272519
1238	72.331905
1239	72.391291
1240	72.450677
1241	72.510063
1242	72.569448
1243	72.628834
1244	72.688220
1245	72.747606
1246	72.806992
1247	72.866377
1248	72.925763
1249	72.985149
1250	73.044535
1251	73.103921
1252	73.163306
1253	73.222692
1254	73.282078
1255	73.341464
1256	73.400850
1257	73.460235
1258	73.519621
1259	73.579007
1260	73.638393
1261	73.697779
1262	73.757164
1263	73.816550
1264	73.875936
1265	73.935322
1266	73.994708
1267	74.054093
1268	74.113479
1269	74.172865
1270	74.232251
1271	74.291637
1272	74.351022
1273	74.410408
1274	74.469794
1275	74.529180
1276	74.588566
1277	74.647951
1278	74.707337
1279	74.766723
1280	74.826109
1281	74.885495
1282	74.944880
1283	75.004266
1284	75.063652
1285	75.123038
1286	75.182424
1287	75.241809
1288	75.301195
1289	75.360581
1290	75.419967
1291	75.479353
1292	75.538738
1293	75.598124
1294	75.657510
1295	75.716896
1296	75.776282
1297	75.835667
1298	75.895053
1299	75.954439
1300	76.013825
1301	76.073211
1302	76.132596
1303	76.191982
1304	76.251368
1305	76.310754
1306	76.370140
1307	76.429525
1308	76.488911
1309	76.548297
1310	76.607683
1311	76.667069
1312	76.726454
1313	76.785840
1314	76.845226
1315	76.904612
1316	76.963998
1317	77.023383
1318	77.082769
1319	77.142155
1320	77.201541
1321	77.260927
1322	77.320313
1323	77.379698
1324	77.439084
1325	77.498470
1326	77.557856
1327	77.617242
1328	77.676627
1329	77.736013
1330	77.795399
1331	77.854785
1332	77.914171
1333	77.973556
1334	78.032942
1335	78.092328
1336	78.151714
1337	78.211100
1338	78.270485
1339	78.329871
1340	78.389257
1341	78.448643
1342	78.508029
1343	78.567414
1344	78.626800
1345	78.686186
1346	78.745572
1347	78.804958
1348	78.864343
1349	78.923729
1350	78.983115
1351	79.042501
1352	79.101887
1353	79.161272
1354	79.220658
1355	79.280044
1356	79.339430
1357	79.398816
1358	79.458201
1359	79.517587
1360	79.576973
1361	79.636359
1362	79.695745
1363	79.755130
1364	79.814516
1365	79.873902
1366	79.933288
1367	79.992674
1368	80.052059
1369	80.111445
1370	80.170831
1371	80.230217
1372	80.289603
1373	80.348988
1374	80.408374
1375	80.467760
1376	80.527146
1377	80.586532
1378	80.645917
1379	80.705303
1380	80.764689
1381	80.824075
1382	80.883461
1383	80.942846
1384	81.002232
1385	81.061618
1386	81.121004
1387	81.180390
1388	81.239775
1389	81.299161
1390	81.358547
1391	81.417933
1392	81.477319
1393	81.536704
1394	81.596090
1395	81.655476
1396	81.714862
1397	81.774248
1398	81.833633
1399	81.893019
1400	81.952405
1401	82.011791
1402	82.071177
1403	82.130562
1404	82.189948
1405	82.249334
1406	82.308720
1407	82.368106
1408	82.427491
1409	82.486877
1410	82.546263
1411	82.605649
1412	82.665035
1413	82.724420
1414	82.783806
1415	82.843192
1416	82.902578
1417	82.961964
1418	83.021349
1419	83.080735
1420	83.140121
1421	83.199507
1422	83.258893
1423	83.318278
1424	83.377664
1425	83.437050
1426	83.496436
1427	83.555822
1428	83.615207
1429	83.674593
1430	83.733979
1431	83.793365
1432	83.852751
1433	83.912136
1434	83.971522
1435	84.030908
1436	84.090294
1437	84.149680
1438	84.209065
1439	84.268451
1440	84.327837
1441	84.387223
1442	84.446609
1443	84.505994
1444	84.565380
1445	84.624766
1446	84.684152
1447	84.743538
1448	84.802923
1449	84.862309
1450	84.921695
1451	84.981081
1452	85.040467
1453	85.099852
1454	85.159238
1455	85.218624
1456	85.278010
1457	85.337396
1458	85.396781
1459	85.456167
1460	85.515553
1461	85.574939
1462	85.634325
1463	85.693710
1464	85.753096
1465	85.812482
1466	85.871868
1467	85.931254
1468	85.990639
1469	86.050025
1470	86.109411
1471	86.168797
1472	86.228183
1473	86.287568
1474	86.346954
1475	86.406340
1476	86.465726
1477	86.525112
1478	86.584497
1479	86.643883
1480	86.703269
1481	86.762655
1482	86.822041
1483	86.881426
1484	86.940812
1485	87.000198
1486	87.059584
1487	87.118970
1488	87.178355
1489	87.237741
1490	87.297127
1491	87.356513
1492	87.415899
1493	87.475284
1494	87.534670
1495	87.594056
1496	87.653442
1497	87.712828
1498	87.772213
1499	87.831599
1500	87.890985
1501	87.950371
1502	88.009757
1503	88.069142
1504	88.128528
1505	88.187914
1506	88.247300
1507	88.306686
1508	88.366071
1509	88.425457
1510	88.484843
1511	88.544229
1512	88.603615
1513	88.663000
1514	88.722386
1515	88.781772
1516	88.841158
1517	88.900544
1518	88.959929
1519	89.019315
1520	89.078701
1521	89.138087
1522	89.197473
1523	89.256858
1524	89.316244
1525	89.375630
1526	89.435016
1527	89.494402
1528	89.553787
1529	89.613173
1530	89.672559
1531	89.731945
1532	89.791331
1533	89.850716
1534	89.910102
1535	89.969488
1536	90.028874
1537	90.088260
1538	90.147645
1539	90.207031
1540	90.266417
1541	90.325803
1542	90.385189
1543	90.444574
1544	90.503960
1545	90.563346
1546	90.622732
1547	90.682118
1548	90.741503
1549	90.800889
1550	90.860275
1551	90.919661
1552	90.979047
1553	91.038432
1554	91.097818
1555	91.157204
1556	91.216590
1557	91.275976
1558	91.335361
1559	91.394747
1560	91.454133
1561	91.513519
1562	91.572905
1563	91.632290
1564	91.691676
1565	91.751062
1566	91.810448
1567	91.869834
1568	91.929219
1569	91.988605
1570	92.047991
1571	92.107377
1572	92.166763
1573	92.226148
1574	92.285534
1575	92.344920
1576	92.404306
1577	92.463692
1578	92.523077
1579	92.582463
1580	92.641849
1581	92.701235
1582	92.760621
1583	92.820006
1584	92.879392
1585	92.938778
1586	92.998164
1587	93.057550
1588	93.116935
1589	93.176321
1590	93.235707
1591	93.295093
1592	93.354479
1593	93.413864
1594	93.473250
1595	93.532636
1596	93.592022
1597	93.651408
1598	93.710793
1599	93.770179
1600	93.829565
1601	93.888951
1602	93.948337
1603	94.007722
1604	94.067108
1605	94.126494
1606	94.185880
1607	94.245266
1608	94.304651
1609	94.364037
1610	94.423423
1611	94.482809
1612	94.542195
1613	94.601581
1614	94.660966
1615	94.720352
1616	94.779738
1617	94.839124
1618	94.898510
1619	94.957895
1620	95.017281
1621	95.076667
1622	95.136053
1623	95.195439
1624	95.254824
1625	95.314210
1626	95.373596
1627	95.432982
1628	95.492368
1629	95.551753
1630	95.611139
1631	95.670525
1632	95.729911
1633	95.789297
1634	95.848682
1635	95.908068
1636	95.967454
1637	96.026840
1638	96.086226
1639	96.145611
1640	96.204997
1641	96.264383
1642	96.323769
1643	96.383155
1644	96.442540
1645	96.501926
1646	96.561312
1647	96.620698
1648	96.680084
1649	96.739469
1650	96.798855
1651	96.858241
1652	96.917627
1653	96.977013
1654	97.036398
1655	97.095784
1656	97.155170
1657	97.214556
1658	97.273942
1659	97.333327
1660	97.392713
1661	97.452099
1662	97.511485
1663	97.570871
1664	97.630256
1665	97.689642
1666	97.749028
1667	97.808414
1668	97.867800
1669	97.927185
1670	97.986571
1671	98.045957
1672	98.105343
1673	98.164729
1674	98.224114
1675	98.283500
1676	98.342886
1677	98.402272
1678	98.461658
1679	98.521043
1680	98.580429
1681	98.639815
1682	98.699201
1683	98.758587
1684	98.817972
1685	98.877358
1686	98.936744
1687	98.996130
1688	99.055516
1689	99.114901
1690	99.174287
1691	99.233673
1692	99.293059
1693	99.352445
1694	99.411830
1695	99.471216
1696	99.530602
1697	99.589988
1698	99.649374
1699	99.708759
1700	99.768145
1701	99.827531
1702	99.886917
1703	99.946303
1704	100.005688
1705	100.065074
1706	100.124460
1707	100.183846
1708	100.243232
1709	100.302617
1710	100.362003
1711	100.421389
1712	100.480775
1713	100.540161
1714	100.599546
1715	100.658932
1716	100.718318
1717	100.777704
1718	100.837090
1719	100.896475
1720	100.955861
1721	101.015247
1722	101.074633
1723	101.134019
1724	101.193404
1725	101.252790
1726	101.312176
1727	101.371562
1728	101.430948
1729	101.490333
1730	101.549719
1731	101.609105
1732	101.668491
1733	101.727877
1734	101.787262
1735	101.846648
1736	101.906034
1737	101.965420
1738	102.024806
1739	102.084191
1740	102.143577
1741	102.202963
1742	102.262349
1743	102.321735
1744	102.381120
1745	102.440506
1746	102.499892
1747	102.559278
1748	102.618664
1749	102.678049
1750	102.737435
1751	102.796821
1752	102.856207
1753	102.915593
1754	102.974978
1755	103.034364
1756	103.093750
1757	103.153136
1758	103.212522
1759	103.271907
1760	103.331293
1761	103.390679
1762	103.450065
1763	103.509451
1764	103.568836
1765	103.628222
1766	103.687608
1767	103.746994
1768	103.806380
1769	103.865765
1770	103.925151
1771	103.984537
1772	104.043923
1773	104.103309
1774	104.162694
1775	104.222080
1776	104.281466
1777	104.340852
1778	104.400238
1779	104.459623
1780	104.519009
1781	104.578395
1782	104.637781
1783	104.697167
1784	104.756552
1785	104.815938
1786	104.875324
1787	104.934710
1788	104.994096
1789	105.053481
1790	105.112867
1791	105.172253
1792	105.231639
1793	105.291025
1794	105.350410
1795	105.409796
1796	105.469182
1797	105.528568
1798	105.587954
1799	105.647339
1800	105.706725
1801	105.766111
1802	105.825497
1803	105.884883
1804	105.944268
1805	106.003654
1806	106.063040
1807	106.122426
1808	106.181812
1809	106.241197
1810	106.300583
1811	106.359969
1812	106.419355
1813	106.478741
1814	106.538126
1815	106.597512
1816	106.656898
1817	106.716284
1818	106.775670
1819	106.835055
1820	106.894441
1821	106.953827
1822	107.013213
1823	107.072599
1824	107.131984
1825	107.191370
1826	107.250756
1827	107.310142
1828	107.369528
1829	107.428913
1830	107.488299
1831	107.547685
1832	107.607071
1833	107.666457
1834	107.725842
1835	107.785228
1836	107.844614
1837	107.904000
1838	107.963386
1839	108.022771
1840	108.082157
1841	108.141543
1842	108.200929
1843	108.260315
1844	108.319700
1845	108.379086
1846	108.438472
1847	108.497858
1848	108.557244
1849	108.616629
1850	108.676015
1851	108.735401
1852	108.794787
1853	108.854173
1854	108.913558
1855	108.972944
1856	109.032330
1857	109.091716
1858	109.151102
1859	109.210487
1860	109.269873
1861	109.329259
1862	109.388645
1863	109.448031
1864	109.507416
1865	109.566802
1866	109.626188
1867	109.685574
1868	109.744960
1869	109.804345
1870	109.863731
1871	109.923117
1872	109.982503
1873	110.041889
1874	110.101274
1875	110.160660
1876	110.220046
1877	110.279432
1878	110.338818
1879	110.398203
1880	110.457589
1881	110.516975
1882	110.576361
1883	110.635747
1884	110.695132
1885	110.754518
1886	110.813904
1887	110.873290
1888	110.932676
1889	110.992061
1890	111.051447
1891	111.110833
1892	111.170219
1893	111.229605
1894	111.288990
1895	111.348376
1896	111.407762
1897	111.467148
1898	111.526534
1899	111.585920
1900	111.645305
1901	111.704691
1902	111.764077
1903	111.823463
1904	111.882849
1905	111.942234
1906	112.001620
1907	112.061006
1908	112.120392
1909	112.179778
1910	112.239163
1911	112.298549
1912	112.357935
1913	112.417321
1914	112.476707
1915	112.536092
1916	112.595478
1917	112.654864
1918	112.714250
1919	112.773636
1920	112.833021
1921	112.892407
1922	112.951793
1923	113.011179
1924	113.070565
1925	113.129950
1926	113.189336
1927	113.248722
1928	113.308108
1929	113.367494
1930	113.426879
1931	113.486265
1932	113.545651
1933	113.605037
1934	113.664423
1935	113.723808
1936	113.783194
1937	113.842580
1938	113.901966
1939	113.961352
1940	114.020737
1941	114.080123
1942	114.139509
1943	114.198895
1944	114.258281
1945	114.317666
1946	114.377052
1947	114.436438
1948	114.495824
1949	114.555210
1950	114.614595
1951	114.673981
1952	114.733367
1953	114.792753
1954	114.852139
1955	114.911524
1956	114.970910
1957	115.030296
1958	115.089682
1959	115.149068
1960	115.208453
1961	115.267839
1962	115.327225
1963	115.386611
1964	115.445997
1965	115.505382
1966	115.564768
1967	115.624154
1968	115.683540
1969	115.742926
1970	115.802311
1971	115.861697
1972	115.921083
1973	115.980469
1974	116.039855
1975	116.099240
1976	116.158626
1977	116.218012
1978	116.277398
1979	116.336784
1980	116.396169
1981	116.455555
1982	116.514941
1983	116.574327
1984	116.633713
1985	116.693098
1986	116.752484
1987	116.811870
1988	116.871256
1989	116.930642
1990	116.990027
1991	117.049413
1992	117.108799
1993	117.168185
1994	117.227571
1995	117.286956
1996	117.346342
1997	117.405728
1998	117.465114
1999	117.524500
2000	117.583885
2001	117.643271
2002	117.702657
2003	117.762043
2004	117.821429
2005	117.880814
2006	117.940200
2007	117.999586
2008	118.058972
2009	118.118358
2010	118.177743
2011	118.237129
2012	118.296515
2013	118.355901
2014	118.415287
2015	118.474672
2016	118.534058
2017	118.593444
2018	118.652830
2019	118.712216
2020	118.771601
2021	118.830987
2022	118.890373
2023	118.949759
2024	119.009145
2025	119.068530
2026	119.127916
2027	119.187302
2028	119.246688
2029	119.306074
2030	119.365459
2031	119.424845
2032	119.484231
2033	119.543617
2034	119.603003
2035	119.662388
2036	119.721774
2037	119.781160
2038	119.840546
2039	119.899932
2040	119.959317
2041	120.018703
2042	120.078089
2043	120.137475
2044	120.196861
2045	120.256246
2046	120.315632
2047	120.375018
