0	-1.191741
1	-1.132154
2	-1.072567
3	-1.012980
4	-0.953393
5	-0.893806
6	-0.834219
7	-0.774632
8	-0.715045
9	-0.655458
10	-0.595871
11	-0.536284
12	-0.476697
13	-0.417110
14	-0.357522
15	-0.297935
16	-0.238348
17	-0.178761
18	-0.119174
19	-0.059587
20	0.000000
21	0.059587
22	0.119174
23	0.178761
24	0.238348
25	0.297935
26	0.357522
27	0.417110
28	0.476697
29	0.536284
30	0.595871
31	0.655458
32	0.715045
33	0.774632
34	0.834219
35	0.893806
36	0.953393
37	1.012980
38	1.072567
39	1.132154
40	1.191741
41	1.251329
42	1.310916
43	1.370503
44	1.430090
45	1.489677
46	1.549264
47	1.608851
48	1.668438
49	1.728025
50	1.787612
51	1.847199
52	1.906786
53	1.966373
54	2.025960
55	2.085548
56	2.145135
57	2.204722
58	2.264309
59	2.323896
60	2.383483
61	2.443070
62	2.502657
63	2.562244
64	2.621831
65	2.681418
66	2.741005
67	2.800592
68	2.860179
69	2.919767
70	2.979354
71	3.038941
72	3.098528
73	3.158115
74	3.217702
75	3.277289
76	3.336876
77	3.396463
78	3.456050
79	3.515637
80	3.575224
81	3.634811
82	3.694399
83	3.753986
84	3.813573
85	3.873160
86	3.932747
87	3.992334
88	4.051921
89	4.111508
90	4.171095
91	4.230682
92	4.290269
93	4.349856
94	4.409443
95	4.469030
96	4.528618
97	4.588205
98	4.647792
99	4.707379
100	4.766966
101	4.826553
102	4.886140
103	4.945727
104	5.005314
105	5.064901
106	5.124488
107	5.184075
108	5.243662
109	5.303249
110	5.362837
111	5.422424
112	5.482011
113	5.541598
114	5.601185
115	5.660772
116	5.720359
117	5.779946
118	5.839533
119	5.899120
120	5.958707
121	6.018294
122	6.077881
123	6.137468
124	6.197056
125	6.256643
126	6.316230
127	6.375817
128	6.435404
129	6.494991
130	6.554578
131	6.614165
132	6.673752
133	6.733339
134	6.792926
135	6.852513
136	6.912100
137	6.971688
138	7.031275
139	7.090862
140	7.150449
141	7.210036
142	7.269623
143	7.329210
144	7.388797
145	7.448384
146	7.507971
147	7.567558
148	7.627145
149	7.686732
150	7.746319
151	7.805907
152	7.865494
153	7.925081
154	7.984668
155	8.044255
156	8.103842
157	8.163429
158	8.223016
159	8.282603
160	8.342190
161	8.401777
162	8.461364
163	8.520951
164	8.580538
165	8.640126
166	8.699713
167	8.759300
168	8.818887
169	8.878474
170	8.938061
171	8.997648
172	9.057235
173	9.116822
174	9.176409
175	9.235996
176	9.295583
177	9.355170
178	9.414757
179	9.474345
180	9.533932
181	9.593519
182	9.653106
183	9.712693
184	9.772280
185	9.831867
186	9.891454
187	9.951041
188	10.010628
189	10.070215
190	10.129802
191	10.189389
192	10.248977
193	10.308564
194	10.368151
195	10.427738
196	10.487325
197	10.546912
198	10.606499
199	10.666086
200	10.725673
201	10.785260
202	10.844847
203	10.904434
204	10.964021
205	11.023608
206	11.083196
207	11.142783
208	11.202370
209	11.261957
210	11.321544
211	11.381131
212	11.440718
213	11.500305
214	11.559892
215	11.619479
216	11.679066
217	11.738653
218	11.798240
219	11.857827
220	11.917415
221	11.977002
222	12.036589
223	12.096176
224	12.155763
225	12.215350
226	12.274937
227	12.334524
228	12.394111
229	12.453698
230	12.513285
231	12.572872
232	12.632459
233	12.692046
234	12.751634
235	12.811221
236	12.870808
237	12.930395
238	12.989982
239	13.049569
240	13.109156
241	13.168743
242	13.228330
243	13.287917
244	13.347504
245	13.407091
246	13.466678
247	13.526266
248	13.585853
249	13.645440
250	13.705027
251	13.764614
252	13.824201
253	13.883788
254	13.943375
255	14.002962
256	14.062549
257	14.122136
258	14.181723
259	14.241310
260	14.300897
261	14.360485
262	14.420072
263	14.479659
264	14.539246
265	14.598833
266	14.658420
267	14.718007
268	14.777594
269	14.837181
270	14.896768
271	14.956355
272	15.015942
273	15.075529
274	15.135116
275	15.194704
276	15.254291
277	15.313878
278	15.373465
279	15.433052
280	15.492639
281	15.552226
282	15.611813
283	15.671400
284	15.730987
285	15.790574
286	15.850161
287	15.909748
288	15.969335
289	16.028923
290	16.088510
291	16.148097
292	16.207684
293	16.267271
294	16.326858
295	16.386445
296	16.446032
297	16.505619
298	16.565206
299	16.624793
300	16.684380
301	16.743967
302	16.803555
303	16.863142
304	16.922729
305	16.982316
306	17.041903
307	17.101490
308	17.161077
309	17.220664
310	17.280251
311	17.339838
312	17.399425
313	17.459012
314	17.518599
315	17.578186
316	17.637774
317	17.697361
318	17.756948
319	17.816535
320	17.876122
321	17.935709
322	17.995296
323	18.054883
324	18.114470
325	18.174057
326	18.233644
327	18.293231
328	18.352818
329	18.412405
330	18.471993
331	18.531580
332	18.591167
333	18.650754
334	18.710341
335	18.769928
336	18.829515
337	18.889102
338	18.948689
339	19.008276
340	19.067863
341	19.127450
342	19.187037
343	19.246624
344	19.306212
345	19.365799
346	19.425386
347	19.484973
348	19.544560
349	19.604147
350	19.663734
351	19.723321
352	19.782908
353	19.842495
354	19.902082
355	19.961669
356	20.021256
357	20.080844
358	20.140431
359	20.200018
360	20.259605
361	20.319192
362	20.378779
363	20.438366
364	20.497953
365	20.557540
366	20.617127
367	20.676714
368	20.736301
369	20.795888
370	20.855475
371	20.915063
372	20.974650
373	21.034237
374	21.093824
375	21.153411
376	21.212998
377	21.272585
378	21.332172
379	21.391759
380	21.451346
381	21.510933
382	21.570520
383	21.630107
384	21.689694
385	21.749282
386	21.808869
387	21.868456
388	21.928043
389	21.987630
390	22.047217
391	22.106804
392	22.166391
393	22.225978
394	22.285565
395	22.345152
396	22.404739
397	22.464326
398	22.523913
399	22.583501
400	22.643088
401	22.702675
402	22.762262
403	22.821849
404	22.881436
405	22.941023
406	23.000610
407	23.060197
408	23.119784
409	23.179371
410	23.238958
411	23.298545
412	23.358133
413	23.417720
414	23.477307
415	23.536894
416	23.596481
417	23.656068
418	23.715655
419	23.775242
420	23.834829
421	23.894416
422	23.954003
423	24.013590
424	24.073177
425	24.132764
426	24.192352
427	24.251939
428	24.311526
429	24.371113
430	24.430700
431	24.490287
432	24.549874
433	24.609461
434	24.669048
435	24.728635
436	24.788222
437	24.847809
438	24.907396
439	24.966983
440	25.026571
441	25.086158
442	25.145745
443	25.205332
444	25.264919
445	25.324506
446	25.384093
447	25.443680
448	25.503267
449	25.562854
450	25.622441
451	25.682028
452	25.741615
453	25.801202
454	25.860790
455	25.920377
456	25.979964
457	26.039551
458	26.099138
459	26.158725
460	26.218312
461	26.277899
462	26.337486
463	26.397073
464	26.456660
465	26.516247
466	26.575834
467	26.635422
468	26.695009
469	26.754596
470	26.814183
471	26.873770
472	26.933357
473	26.992944
474	27.052531
475	27.112118
476	27.171705
477	27.231292
478	27.290879
479	27.350466
480	27.410053
481	27.469641
482	27.529228
483	27.588815
484	27.648402
485	27.707989
486	27.767576
487	27.827163
488	27.886750
489	27.946337
490	28.005924
491	28.065511
492	28.125098
493	28.184685
494	28.244272
495	28.303860
496	28.363447
497	28.423034
498	28.482621
499	28.542208
500	28.601795
501	28.661382
502	28.720969
503	28.780556
504	28.840143
505	28.899730
506	28.959317
507	29.018904
508	29.078491
509	29.138079
510	29.197666
511	29.257253
512	29.316840
513	29.376427
514	29.436014
515	29.495601
516	29.555188
517	29.614775
518	29.674362
519	29.733949
520	29.793536
521	29.853123
522	29.912711
523	29.972298
524	30.031885
525	30.091472
526	30.151059
527	30.210646
528	30.270233
529	30.329820
530	30.389407
531	30.448994
532	30.508581
533	30.568168
534	30.627755
535	30.687342
536	30.746930
537	30.806517
538	30.866104
539	30.925691
540	30.985278
541	31.044865
542	31.104452
543	31.164039
544	31.223626
545	31.283213
546	31.342800
547	31.402387
548	31.461974
549	31.521561
550	31.581149
551	31.640736
552	31.700323
553	31.759910
554	31.819497
555	31.879084
556	31.938671
557	31.998258
558	32.057845
559	32.117432
560	32.177019
561	32.236606
562	32.296193
563	32.355780
564	32.415368
565	32.474955
566	32.534542
567	32.594129
568	32.653716
569	32.713303
570	32.772890
571	32.832477
572	32.892064
573	32.951651
574	33.011238
575	33.070825
576	33.130412
577	33.190000
578	33.249587
579	33.309174
580	33.368761
581	33.428348
582	33.487935
583	33.547522
584	33.607109
585	33.666696
586	33.726283
587	33.785870
588	33.845457
589	33.905044
590	33.964631
591	34.024219
592	34.083806
593	34.143393
594	34.202980
595	34.262567
596	34.322154
597	34.381741
598	34.441328
599	34.500915
600	34.560502
601	34.620089
602	34.679676
603	34.739263
604	34.798850
605	34.858438
606	34.918025
607	34.977612
608	35.037199
609	35.096786
610	35.156373
611	35.215960
612	35.275547
613	35.335134
614	35.394721
615	35.454308
616	35.513895
617	35.573482
618	35.633069
619	35.692657
620	35.752244
621	35.811831
622	35.871418
623	35.931005
624	35.990592
625	36.050179
626	36.109766
627	36.169353
628	36.228940
629	36.288527
630	36.348114
631	36.407701
632	36.467289
633	36.526876
634	36.586463
635	36.646050
636	36.705637
637	36.765224
638	36.824811
639	36.884398
640	36.943985
641	37.003572
642	37.063159
643	37.122746
644	37.182333
645	37.241920
646	37.301508
647	37.361095
648	37.420682
649	37.480269
650	37.539856
651	37.599443
652	37.659030
653	37.718617
654	37.778204
655	37.837791
656	37.897378
657	37.956965
658	38.016552
659	38.076139
660	38.135727
661	38.195314
662	38.254901
663	38.314488
664	38.374075
665	38.433662
666	38.493249
667	38.552836
668	38.612423
669	38.672010
670	38.731597
671	38.791184
672	38.850771
673	38.910358
674	38.969946
675	39.029533
676	39.089120
677	39.148707
678	39.208294
679	39.267881
680	39.327468
681	39.387055
682	39.446642
683	39.506229
684	39.565816
685	39.625403
686	39.684990
687	39.744578
688	39.804165
689	39.863752
690	39.923339
691	39.982926
692	40.042513
693	40.102100
694	40.161687
695	40.221274
696	40.280861
697	40.340448
698	40.400035
699	40.459622
700	40.519209
701	40.578797
702	40.638384
703	40.697971
704	40.757558
705	40.817145
706	40.876732
707	40.936319
708	40.995906
709	41.055493
710	41.115080
711	41.174667
712	41.234254
713	41.293841
714	41.353428
715	41.413016
716	41.472603
717	41.532190
718	41.591777
719	41.651364
720	41.710951
721	41.770538
722	41.830125
723	41.889712
724	41.949299
725	42.008886
726	42.068473
727	42.128060
728	42.187647
729	42.247235
730	42.306822
731	42.366409
732	42.425996
733	42.485583
734	42.545170
735	42.604757
736	42.664344
737	42.723931
738	42.783518
739	42.843105
740	42.902692
741	42.962279
742	43.021867
743	43.081454
744	43.141041
745	43.200628
746	43.260215
747	43.319802
748	43.379389
749	43.438976
750	43.498563
751	43.558150
752	43.617737
753	43.677324
754	43.736911
755	43.796498
756	43.856086
757	43.915673
758	43.975260
759	44.034847
760	44.094434
761	44.154021
762	44.213608
763	44.273195
764	44.332782
765	44.392369
766	44.451956
767	44.511543
768	44.571130
769	44.630717
770	44.690305
771	44.749892
772	44.809479
773	44.869066
774	44.928653
775	44.988240
776	45.047827
777	45.107414
778	45.167001
779	45.226588
780	45.286175
781	45.345762
782	45.405349
783	45.464936
784	45.524524
785	45.584111
786	45.643698
787	45.703285
788	45.762872
789	45.822459
790	45.882046
791	45.941633
792	46.001220
793	46.060807
794	46.120394
795	46.179981
796	46.239568
797	46.299156
798	46.358743
799	46.418330
800	46.477917
801	46.537504
802	46.597091
803	46.656678
804	46.716265
805	46.775852
806	46.835439
807	46.895026
808	46.954613
809	47.014200
810	47.073787
811	47.133375
812	47.192962
813	47.252549
814	47.312136
815	47.371723
816	47.431310
817	47.490897
818	47.550484
819	47.610071
820	47.669658
821	47.729245
822	47.788832
823	47.848419
824	47.908006
825	47.967594
826	48.027181
827	48.086768
828	48.146355
829	48.205942
830	48.265529
831	48.325116
832	48.384703
833	48.444290
834	48.503877
835	48.563464
836	48.623051
837	48.682638
838	48.742225
839	48.801813
840	48.861400
841	48.920987
842	48.980574
843	49.040161
844	49.099748
845	49.159335
846	49.218922
847	49.278509
848	49.338096
849	49.397683
850	49.457270
851	49.516857
852	49.576445
853	49.636032
854	49.695619
855	49.755206
856	49.814793
857	49.874380
858	49.933967
859	49.993554
860	50.053141
861	50.112728
862	50.172315
863	50.231902
864	50.291489
865	50.351076
866	50.410664
867	50.470251
868	50.529838
869	50.589425
870	50.649012
871	50.708599
872	50.768186
873	50.827773
874	50.887360
875	50.946947
876	51.006534
877	51.066121
878	51.125708
879	51.185295
880	51.244883
881	51.304470
882	51.364057
883	51.423644
884	51.483231
885	51.542818
886	51.602405
887	51.661992
888	51.721579
889	51.781166
890	51.840753
891	51.900340
892	51.959927
893	52.019514
894	52.079102
895	52.138689
896	52.198276
897	52.257863
898	52.317450
899	52.377037
900	52.436624
901	52.496211
902	52.555798
903	52.615385
904	52.674972
905	52.734559
906	52.794146
907	52.853734
908	52.913321
909	52.972908
910	53.032495
911	53.092082
912	53.151669
913	53.211256
914	53.270843
915	53.330430
916	53.390017
917	53.449604
918	53.509191
919	53.568778
920	53.628365
921	53.687953
922	53.747540
923	53.807127
924	53.866714
925	53.926301
926	53.985888
927	54.045475
928	54.105062
929	54.164649
930	54.224236
931	54.283823
932	54.343410
933	54.402997
934	54.462584
935	54.522172
936	54.581759
937	54.641346
938	54.700933
939	54.760520
940	54.820107
941	54.879694
942	54.939281
943	54.998868
944	55.058455
945	55.118042
946	55.177629
947	55.237216
948	55.296803
949	55.356391
950	55.415978
951	55.475565
952	55.535152
953	55.594739
954	55.654326
955	55.713913
956	55.773500
957	55.833087
958	55.892674
959	55.952261
960	56.011848
961	56.071435
962	56.131023
963	56.190610
964	56.250197
965	56.309784
966	56.369371
967	56.428958
968	56.488545
969	56.548132
970	56.607719
971	56.667306
972	56.726893
973	56.786480
974	56.846067
975	56.905654
976	56.965242
977	57.024829
978	57.084416
979	57.144003
980	57.203590
981	57.263177
982	57.322764
983	57.382351
984	57.441938
985	57.501525
986	57.561112
987	57.620699
988	57.680286
989	57.739873
990	57.799461
991	57.859048
992	57.918635
993	57.978222
994	58.037809
995	58.097396
996	58.156983
997	58.216570
998	58.276157
999	58.335744
1000	58.395331
1001	58.454918
1002	58.514505
1003	58.574092
1004	58.633680
1005	58.693267
1006	58.752854
1007	58.812441
1008	58.872028
1009	58.931615
1010	58.991202
1011	59.050789
1012	59.110376
1013	59.169963
1014	59.229550
1015	59.289137
1016	59.348724
1017	59.408312
1018	59.467899
1019	59.527486
1020	59.587073
1021	59.646660
1022	59.706247
1023	59.765834
1024	59.825421
1025	59.885008
1026	59.944595
1027	60.004182
1028	60.063769
1029	60.123356
1030	60.182943
1031	60.242531
1032	60.302118
1033	60.361705
1034	60.421292
1035	60.480879
1036	60.540466
1037	60.600053
1038	60.659640
1039	60.719227
1040	60.778814
1041	60.838401
1042	60.897988
1043	60.957575
1044	61.017162
1045	61.076750
1046	61.136337
1047	61.195924
1048	61.255511
1049	61.315098
1050	61.374685
1051	61.434272
1052	61.493859
1053	61.553446
1054	61.613033
1055	61.672620
1056	61.732207
1057	61.791794
1058	61.851381
1059	61.910969
1060	61.970556
1061	62.030143
1062	62.089730
1063	62.149317
1064	62.208904
1065	62.268491
1066	62.328078
1067	62.387665
1068	62.447252
1069	62.506839
1070	62.566426
1071	62.626013
1072	62.685601
1073	62.745188
1074	62.804775
1075	62.864362
1076	62.923949
1077	62.983536
1078	63.043123
1079	63.102710
1080	63.162297
1081	63.221884
1082	63.281471
1083	63.341058
1084	63.400645
1085	63.460232
1086	63.519820
1087	63.579407
1088	63.638994
1089	63.698581
1090	63.758168
1091	63.817755
1092	63.877342
1093	63.936929
1094	63.996516
1095	64.056103
1096	64.115690
1097	64.175277
1098	64.234864
1099	64.294451
1100	64.354039
1101	64.413626
1102	64.473213
1103	64.532800
1104	64.592387
1105	64.651974
1106	64.711561
1107	64.771148
1108	64.830735
1109	64.890322
1110	64.949909
1111	65.009496
1112	65.069083
1113	65.128670
1114	65.188258
1115	65.247845
1116	65.307432
1117	65.367019
1118	65.426606
1119	65.486193
1120	65.545780
1121	65.605367
1122	65.664954
1123	65.724541
1124	65.784128
1125	65.843715
1126	65.903302
1127	65.962890
1128	66.022477
1129	66.082064
1130	66.141651
1131	66.201238
1132	66.260825
1133	66.320412
1134	66.379999
1135	66.439586
1136	66.499173
1137	66.558760
1138	66.618347
1139	66.677934
1140	66.737521
1141	66.797109
1142	66.856696
1143	66.916283
1144	66.975870
1145	67.035457
1146	67.095044
1147	67.154631
1148	67.214218
1149	67.273805
1150	67.333392
1151	67.392979
1152	67.452566
1153	67.512153
1154	67.571740
1155	67.631328
1156	67.690915
1157	67.750502
1158	67.810089
1159	67.869676
1160	67.929263
1161	67.988850
1162	68.048437
1163	68.108024
1164	68.167611
1165	68.227198
1166	68.286785
1167	68.346372
1168	68.405959
1169	68.465547
1170	68.525134
1171	68.584721
1172	68.644308
1173	68.703895
1174	68.763482
1175	68.823069
1176	68.882656
1177	68.942243
1178	69.001830
1179	69.061417
1180	69.121004
1181	69.180591
1182	69.240179
1183	69.299766
1184	69.359353
1185	69.418940
1186	69.478527
1187	69.538114
1188	69.597701
1189	69.657288
1190	69.716875
1191	69.776462
1192	69.836049
1193	69.895636
1194	69.955223
1195	70.014810
1196	70.074398
1197	70.133985
1198	70.193572
1199	70.253159
1200	70.312746
1201	70.372333
1202	70.431920
1203	70.491507
1204	70.551094
1205	70.610681
1206	70.670268
1207	70.729855
1208	70.789442
1209	70.849029
1210	70.908617
1211	70.968204
1212	71.027791
1213	71.087378
1214	71.146965
1215	71.206552
1216	71.266139
1217	71.325726
1218	71.385313
1219	71.444900
1220	71.504487
1221	71.564074
1222	71.623661
1223	71.683248
1224	71.742836
1225	71.802423
1226	71.862010
1227	71.921597
1228	71.981184
1229	72.040771
1230	72.100358
1231	72.159945
1232	72.219532
1233	72.279119
1234	72.338706
1235	72.398293
1236	72.457880
1237	72.517468
1238	72.577055
1239	72.636642
1240	72.696229
1241	72.755816
1242	72.815403
1243	72.874990
1244	72.934577
1245	72.994164
1246	73.053751
1247	73.113338
1248	73.172925
1249	73.232512
1250	73.292099
1251	73.351687
1252	73.411274
1253	73.470861
1254	73.530448
1255	73.590035
1256	73.649622
1257	73.709209
1258	73.768796
1259	73.828383
1260	73.887970
1261	73.947557
1262	74.007144
1263	74.066731
1264	74.126318
1265	74.185906
1266	74.245493
1267	74.305080
1268	74.364667
1269	74.424254
1270	74.483841
1271	74.543428
1272	74.603015
1273	74.662602
1274	74.722189
1275	74.781776
1276	74.841363
1277	74.900950
1278	74.960537
1279	75.020125
1280	75.079712
1281	75.139299
1282	75.198886
1283	75.258473
1284	75.318060
1285	75.377647
1286	75.437234
1287	75.496821
1288	75.556408
1289	75.615995
1290	75.675582
1291	75.735169
1292	75.794757
1293	75.854344
1294	75.913931
1295	75.973518
1296	76.033105
1297	76.092692
1298	76.152279
1299	76.211866
1300	76.271453
1301	76.331040
1302	76.390627
1303	76.450214
1304	76.509801
1305	76.569388
1306	76.628976
1307	76.688563
1308	76.748150
1309	76.807737
1310	76.867324
1311	76.926911
1312	76.986498
1313	77.046085
1314	77.105672
1315	77.165259
1316	77.224846
1317	77.284433
1318	77.344020
1319	77.403607
1320	77.463195
1321	77.522782
1322	77.582369
1323	77.641956
1324	77.701543
1325	77.761130
1326	77.820717
1327	77.880304
1328	77.939891
1329	77.999478
1330	78.059065
1331	78.118652
1332	78.178239
1333	78.237826
1334	78.297414
1335	78.357001
1336	78.416588
1337	78.476175
1338	78.535762
1339	78.595349
1340	78.654936
1341	78.714523
1342	78.774110
1343	78.833697
1344	78.893284
1345	78.952871
1346	79.012458
1347	79.072046
1348	79.131633
1349	79.191220
1350	79.250807
1351	79.310394
1352	79.369981
1353	79.429568
1354	79.489155
1355	79.548742
1356	79.608329
1357	79.667916
1358	79.727503
1359	79.787090
1360	79.846677
1361	79.906265
1362	79.965852
1363	80.025439
1364	80.085026
1365	80.144613
1366	80.204200
1367	80.263787
1368	80.323374
1369	80.382961
1370	80.442548
1371	80.502135
1372	80.561722
1373	80.621309
1374	80.680896
1375	80.740484
1376	80.800071
1377	80.859658
1378	80.919245
1379	80.978832
1380	81.038419
1381	81.098006
1382	81.157593
1383	81.217180
1384	81.276767
1385	81.336354
1386	81.395941
1387	81.455528
1388	81.515115
1389	81.574703
1390	81.634290
1391	81.693877
1392	81.753464
1393	81.813051
1394	81.872638
1395	81.932225
1396	81.991812
1397	82.051399
1398	82.110986
1399	82.170573
1400	82.230160
1401	82.289747
1402	82.349335
1403	82.408922
1404	82.468509
1405	82.528096
1406	82.587683
1407	82.647270
1408	82.706857
1409	82.766444
1410	82.826031
1411	82.885618
1412	82.945205
1413	83.004792
1414	83.064379
1415	83.123966
1416	83.183554
1417	83.243141
1418	83.302728
1419	83.362315
1420	83.421902
1421	83.481489
1422	83.541076
1423	83.600663
1424	83.660250
1425	83.719837
1426	83.779424
1427	83.839011
1428	83.898598
1429	83.958185
1430	84.017773
1431	84.077360
1432	84.136947
1433	84.196534
1434	84.256121
1435	84.315708
1436	84.375295
1437	84.434882
1438	84.494469
1439	84.554056
1440	84.613643
1441	84.673230
1442	84.732817
1443	84.792404
1444	84.851992
1445	84.911579
1446	84.971166
1447	85.030753
1448	85.090340
1449	85.149927
1450	85.209514
1451	85.269101
1452	85.328688
1453	85.388275
1454	85.447862
1455	85.507449
1456	85.567036
1457	85.626624
1458	85.686211
1459	85.745798
1460	85.805385
1461	85.864972
1462	85.924559
1463	85.984146
1464	86.043733
1465	86.103320
1466	86.162907
1467	86.222494
1468	86.282081
1469	86.341668
1470	86.401255
1471	86.460843
1472	86.520430
1473	86.580017
1474	86.639604
1475	86.699191
1476	86.758778
1477	86.818365
1478	86.877952
1479	86.937539
1480	86.997126
1481	87.056713
1482	87.116300
1483	87.175887
1484	87.235474
1485	87.295062
1486	87.354649
1487	87.414236
1488	87.473823
1489	87.533410
1490	87.592997
1491	87.652584
1492	87.712171
1493	87.771758
1494	87.831345
1495	87.890932
1496	87.950519
1497	88.010106
1498	88.069693
1499	88.129281
1500	88.188868
1501	88.248455
1502	88.308042
1503	88.367629
1504	88.427216
1505	88.486803
1506	88.546390
1507	88.605977
1508	88.665564
1509	88.725151
1510	88.784738
1511	88.844325
1512	88.903913
1513	88.963500
1514	89.023087
1515	89.082674
1516	89.142261
1517	89.201848
1518	89.261435
1519	89.321022
1520	89.380609
1521	89.440196
1522	89.499783
1523	89.559370
1524	89.618957
1525	89.678544
1526	89.738132
1527	89.797719
1528	89.857306
1529	89.916893
1530	89.976480
1531	90.036067
1532	90.095654
1533	90.155241
1534	90.214828
1535	90.274415
1536	90.334002
1537	90.393589
1538	90.453176
1539	90.512763
1540	90.572351
1541	90.631938
1542	90.691525
1543	90.751112
1544	90.810699
1545	90.870286
1546	90.929873
1547	90.989460
1548	91.049047
1549	91.108634
1550	91.168221
1551	91.227808
1552	91.287395
1553	91.346982
1554	91.406570
1555	91.466157
1556	91.525744
1557	91.585331
1558	91.644918
1559	91.704505
1560	91.764092
1561	91.823679
1562	91.883266
1563	91.942853
1564	92.002440
1565	92.062027
1566	92.121614
1567	92.181202
1568	92.240789
1569	92.300376
1570	92.359963
1571	92.419550
1572	92.479137
1573	92.538724
1574	92.598311
1575	92.657898
1576	92.717485
1577	92.777072
1578	92.836659
1579	92.896246
1580	92.955833
1581	93.015421
1582	93.075008
1583	93.134595
1584	93.194182
1585	93.253769
1586	93.313356
1587	93.372943
1588	93.432530
1589	93.492117
1590	93.551704
1591	93.611291
1592	93.670878
1593	93.730465
1594	93.790052
1595	93.849640
1596	93.909227
1597	93.968814
1598	94.028401
1599	94.087988
1600	94.147575
1601	94.207162
1602	94.266749
1603	94.326336
1604	94.385923
1605	94.445510
1606	94.505097
1607	94.564684
1608	94.624271
1609	94.683859
1610	94.743446
1611	94.803033
1612	94.862620
1613	94.922207
1614	94.981794
1615	95.041381
1616	95.100968
1617	95.160555
1618	95.220142
1619	95.279729
1620	95.339316
1621	95.398903
1622	95.458491
1623	95.518078
1624	95.577665
1625	95.637252
1626	95.696839
1627	95.756426
1628	95.816013
1629	95.875600
1630	95.935187
1631	95.994774
1632	96.054361
1633	96.113948
1634	96.173535
1635	96.233122
1636	96.292710
1637	96.352297
1638	96.411884
1639	96.471471
1640	96.531058
1641	96.590645
1642	96.650232
1643	96.709819
1644	96.769406
1645	96.828993
1646	96.888580
1647	96.948167
1648	97.007754
1649	97.067341
1650	97.126929
1651	97.186516
1652	97.246103
1653	97.305690
1654	97.365277
1655	97.424864
1656	97.484451
1657	97.544038
1658	97.603625
1659	97.663212
1660	97.722799
1661	97.782386
1662	97.841973
1663	97.901560
1664	97.961148
1665	98.020735
1666	98.080322
1667	98.139909
1668	98.199496
1669	98.259083
1670	98.318670
1671	98.378257
1672	98.437844
1673	98.497431
1674	98.557018
1675	98.616605
1676	98.676192
1677	98.735780
1678	98.795367
1679	98.854954
1680	98.914541
1681	98.974128
1682	99.033715
1683	99.093302
1684	99.152889
1685	99.212476
1686	99.272063
1687	99.331650
1688	99.391237
1689	99.450824
1690	99.510411
1691	99.569999
1692	99.629586
1693	99.689173
1694	99.748760
1695	99.808347
1696	99.867934
1697	99.927521
1698	99.987108
1699	100.046695
1700	100.106282
1701	100.165869
1702	100.225456
1703	100.285043
1704	100.344630
1705	100.404218
1706	100.463805
1707	100.523392
1708	100.582979
1709	100.642566
1710	100.702153
1711	100.761740
1712	100.821327
1713	100.880914
1714	100.940501
1715	101.000088
1716	101.059675
1717	101.119262
1718	101.178849
1719	101.238437
1720	101.298024
1721	101.357611
1722	101.417198
1723	101.476785
1724	101.536372
1725	101.595959
1726	101.655546
1727	101.715133
1728	101.774720
1729	101.834307
1730	101.893894
1731	101.953481
1732	102.013069
1733	102.072656
1734	102.132243
1735	102.191830
1736	102.251417
1737	102.311004
1738	102.370591
1739	102.430178
1740	102.489765
1741	102.549352
1742	102.608939
1743	102.668526
1744	102.728113
1745	102.787700
1746	102.847288
1747	102.906875
1748	102.966462
1749	103.026049
1750	103.085636
1751	103.145223
1752	103.204810
1753	103.264397
1754	103.323984
1755	103.383571
1756	103.443158
1757	103.502745
1758	103.562332
1759	103.621919
1760	103.681507
1761	103.741094
1762	103.800681
1763	103.860268
1764	103.919855
1765	103.979442
1766	104.039029
1767	104.098616
1768	104.158203
1769	104.217790
1770	104.277377
1771	104.336964
1772	104.396551
1773	104.456138
1774	104.515726
1775	104.575313
1776	104.634900
1777	104.694487
1778	104.754074
1779	104.813661
1780	104.873248
1781	104.932835
1782	104.992422
1783	105.052009
1784	105.111596
1785	105.171183
1786	105.230770
1787	105.290358
1788	105.349945
1789	105.409532
1790	105.469119
1791	105.528706
1792	105.588293
1793	105.647880
1794	105.707467
1795	105.767054
1796	105.826641
1797	105.886228
1798	105.945815
1799	106.005402
1800	106.064989
1801	106.124577
1802	106.184164
1803	106.243751
1804	106.303338
1805	106.362925
1806	106.422512
1807	106.482099
1808	106.541686
1809	106.601273
1810	106.660860
1811	106.720447
1812	106.780034
1813	106.839621
1814	106.899208
1815	106.958796
1816	107.018383
1817	107.077970
1818	107.137557
1819	107.197144
1820	107.256731
1821	107.316318
1822	107.375905
1823	107.435492
1824	107.495079
1825	107.554666
1826	107.614253
1827	107.673840
1828	107.733427
1829	107.793015
1830	107.852602
1831	107.912189
1832	107.971776
1833	108.031363
1834	108.090950
1835	108.150537
1836	108.210124
1837	108.269711
1838	108.329298
1839	108.388885
1840	108.448472
1841	108.508059
1842	108.567647
1843	108.627234
1844	108.686821
1845	108.746408
1846	108.805995
1847	108.865582
1848	108.925169
1849	108.984756
1850	109.044343
1851	109.103930
1852	109.163517
1853	109.223104
1854	109.282691
1855	109.342278
1856	109.401866
1857	109.461453
1858	109.521040
1859	109.580627
1860	109.640214
1861	109.699801
1862	109.759388
1863	109.818975
1864	109.878562
1865	109.938149
1866	109.997736
1867	110.057323
1868	110.116910
1869	110.176497
1870	110.236085
1871	110.295672
1872	110.355259
1873	110.414846
1874	110.474433
1875	110.534020
1876	110.593607
1877	110.653194
1878	110.712781
1879	110.772368
1880	110.831955
1881	110.891542
1882	110.951129
1883	111.010716
1884	111.070304
1885	111.129891
1886	111.189478
1887	111.249065
1888	111.308652
1889	111.368239
1890	111.427826
1891	111.487413
1892	111.547000
1893	111.606587
1894	111.666174
1895	111.725761
1896	111.785348
1897	111.844936
1898	111.904523
1899	111.964110
1900	112.023697
1901	112.083284
1902	112.142871
1903	112.202458
1904	112.262045
1905	112.321632
1906	112.381219
1907	112.440806
1908	112.500393
1909	112.559980
1910	112.619567
1911	112.679155
1912	112.738742
1913	112.798329
1914	112.857916
1915	112.917503
1916	112.977090
1917	113.036677
1918	113.096264
1919	113.155851
1920	113.215438
1921	113.275025
1922	113.334612
1923	113.394199
1924	113.453786
1925	113.513374
1926	113.572961
1927	113.632548
1928	113.692135
1929	113.751722
1930	113.811309
1931	113.870896
1932	113.930483
1933	113.990070
1934	114.049657
1935	114.109244
1936	114.168831
1937	114.228418
1938	114.288005
1939	114.347593
1940	114.407180
1941	114.466767
1942	114.526354
1943	114.585941
1944	114.645528
1945	114.705115
1946	114.764702
1947	114.824289
1948	114.883876
1949	114.943463
1950	115.003050
1951	115.062637
1952	115.122225
1953	115.181812
1954	115.241399
1955	115.300986
1956	115.360573
1957	115.420160
1958	115.479747
1959	115.539334
1960	115.598921
1961	115.658508
1962	115.718095
1963	115.777682
1964	115.837269
1965	115.896856
1966	115.956444
1967	116.016031
1968	116.075618
1969	116.135205
1970	116.194792
1971	116.254379
1972	116.313966
1973	116.373553
1974	116.433140
1975	116.492727
1976	116.552314
1977	116.611901
1978	116.671488
1979	116.731075
1980	116.790663
1981	116.850250
1982	116.909837
1983	116.969424
1984	117.029011
1985	117.088598
1986	117.148185
1987	117.207772
1988	117.267359
1989	117.326946
1990	117.386533
1991	117.446120
1992	117.505707
1993	117.565294
1994	117.624882
1995	117.684469
1996	117.744056
1997	117.803643
1998	117.863230
1999	117.922817
2000	117.982404
2001	118.041991
2002	118.101578
2003	118.161165
2004	118.220752
2005	118.280339
2006	118.339926
2007	118.399514
2008	118.459101
2009	118.518688
2010	118.578275
2011	118.637862
2012	118.697449
2013	118.757036
2014	118.816623
2015	118.876210
2016	118.935797
2017	118.995384
2018	119.054971
2019	119.114558
2020	119.174145
2021	119.233733
2022	119.293320
2023	119.352907
2024	119.412494
2025	119.472081
2026	119.531668
2027	119.591255
2028	119.650842
2029	119.710429
2030	119.770016
2031	119.829603
2032	119.889190
2033	119.948777
2034	120.008364
2035	120.067952
2036	120.127539
2037	120.187126
2038	120.246713
2039	120.306300
2040	120.365887
2041	120.425474
2042	120.485061
2043	120.544648
2044	120.604235
2045	120.663822
2046	120.723409
2047	120.782996
