0	-1.183485
1	-1.124311
2	-1.065137
3	-1.005963
4	-0.946788
5	-0.887614
6	-0.828440
7	-0.769266
8	-0.710091
9	-0.650917
10	-0.591743
11	-0.532568
12	-0.473394
13	-0.414220
14	-0.355046
15	-0.295871
16	-0.236697
17	-0.177523
18	-0.118349
19	-0.059174
20	0.000000
21	0.059174
22	0.118349
23	0.177523
24	0.236697
25	0.295871
26	0.355046
27	0.414220
28	0.473394
29	0.532568
30	0.591743
31	0.650917
32	0.710091
33	0.769266
34	0.828440
35	0.887614
36	0.946788
37	1.005963
38	1.065137
39	1.124311
40	1.183485
41	1.242660
42	1.301834
43	1.361008
44	1.420183
45	1.479357
46	1.538531
47	1.597705
48	1.656880
49	1.716054
50	1.775228
51	1.834403
52	1.893577
53	1.952751
54	2.011925
55	2.071100
56	2.130274
57	2.189448
58	2.248622
59	2.307797
60	2.366971
61	2.426145
62	2.485320
63	2.544494
64	2.603668
65	2.662842
66	2.722017
67	2.781191
68	2.840365
69	2.899539
70	2.958714
71	3.017888
72	3.077062
73	3.136237
74	3.195411
75	3.254585
76	3.313759
77	3.372934
78	3.432108
79	3.491282
80	3.550456
81	3.609631
82	3.668805
83	3.727979
84	3.787154
85	3.846328
86	3.905502
87	3.964676
88	4.023851
89	4.083025
90	4.142199
91	4.201373
92	4.260548
93	4.319722
94	4.378896
95	4.438071
96	4.497245
97	4.556419
98	4.615593
99	4.674768
100	4.733942
101	4.793116
102	4.852290
103	4.911465
104	4.970639
105	5.029813
106	5.088988
107	5.148162
108	5.207336
109	5.266510
110	5.325685
111	5.384859
112	5.444033
113	5.503207
114	5.562382
115	5.621556
116	5.680730
117	5.739905
118	5.799079
119	5.858253
120	5.917427
121	5.976602
122	6.035776
123	6.094950
124	6.154125
125	6.213299
126	6.272473
127	6.331647
128	6.390822
129	6.449996
130	6.509170
131	6.568344
132	6.627519
133	6.686693
134	6.745867
135	6.805042
136	6.864216
137	6.923390
138	6.982564
139	7.041739
140	7.100913
141	7.160087
142	7.219261
143	7.278436
144	7.337610
145	7.396784
146	7.455959
147	7.515133
148	7.574307
149	7.633481
150	7.692656
151	7.751830
152	7.811004
153	7.870178
154	7.929353
155	7.988527
156	8.047701
157	8.106876
158	8.166050
159	8.225224
160	8.284398
161	8.343573
162	8.402747
163	8.461921
164	8.521095
165	8.580270
166	8.639444
167	8.698618
168	8.757793
169	8.816967
170	8.876141
171	8.935315
172	8.994490
173	9.053664
174	9.112838
175	9.172012
176	9.231187
177	9.290361
178	9.349535
179	9.408710
180	9.467884
181	9.527058
182	9.586232
183	9.645407
184	9.704581
185	9.763755
186	9.822929
187	9.882104
188	9.941278
189	10.000452
190	10.059627
191	10.118801
192	10.177975
193	10.237149
194	10.296324
195	10.355498
196	10.414672
197	10.473847
198	10.533021
199	10.592195
200	10.651369
201	10.710544
202	10.769718
203	10.828892
204	10.888066
205	10.947241
206	11.006415
207	11.065589
208	11.124764
209	11.183938
210	11.243112
211	11.302286
212	11.361461
213	11.420635
214	11.479809
215	11.538983
216	11.598158
217	11.657332
218	11.716506
219	11.775681
220	11.834855
221	11.894029
222	11.953203
223	12.012378
224	12.071552
225	12.130726
226	12.189900
227	12.249075
228	12.308249
229	12.367423
230	12.426598
231	12.485772
232	12.544946
233	12.604120
234	12.663295
235	12.722469
236	12.781643
237	12.840817
238	12.899992
239	12.959166
240	13.018340
241	13.077515
242	13.136689
243	13.195863
244	13.255037
245	13.314212
246	13.373386
247	13.432560
248	13.491734
249	13.550909
250	13.610083
251	13.669257
252	13.728432
253	13.787606
254	13.846780
255	13.905954
256	13.965129
257	14.024303
258	14.083477
259	14.142651
260	14.201826
261	14.261000
262	14.320174
263	14.379349
264	14.438523
265	14.497697
266	14.556871
267	14.616046
268	14.675220
269	14.734394
270	14.793569
271	14.852743
272	14.911917
273	14.971091
274	15.030266
275	15.089440
276	15.148614
277	15.207788
278	15.266963
279	15.326137
280	15.385311
281	15.444486
282	15.503660
283	15.562834
284	15.622008
285	15.681183
286	15.740357
287	15.799531
288	15.858705
289	15.917880
290	15.977054
291	16.036228
292	16.095403
293	16.154577
294	16.213751
295	16.272925
296	16.332100
297	16.391274
298	16.450448
299	16.509622
300	16.568797
301	16.627971
302	16.687145
303	16.746320
304	16.805494
305	16.864668
306	16.923842
307	16.983017
308	17.042191
309	17.101365
310	17.160539
311	17.219714
312	17.278888
313	17.338062
314	17.397237
315	17.456411
316	17.515585
317	17.574759
318	17.633934
319	17.693108
320	17.752282
321	17.811456
322	17.870631
323	17.929805
324	17.988979
325	18.048154
326	18.107328
327	18.166502
328	18.225676
329	18.284851
330	18.344025
331	18.403199
332	18.462373
333	18.521548
334	18.580722
335	18.639896
336	18.699071
337	18.758245
338	18.817419
339	18.876593
340	18.935768
341	18.994942
342	19.054116
343	19.113291
344	19.172465
345	19.231639
346	19.290813
347	19.349988
348	19.409162
349	19.468336
350	19.527510
351	19.586685
352	19.645859
353	19.705033
354	19.764208
355	19.823382
356	19.882556
357	19.941730
358	20.000905
359	20.060079
360	20.119253
361	20.178427
362	20.237602
363	20.296776
364	20.355950
365	20.415125
366	20.474299
367	20.533473
368	20.592647
369	20.651822
370	20.710996
371	20.770170
372	20.829344
373	20.888519
374	20.947693
375	21.006867
376	21.066042
377	21.125216
378	21.184390
379	21.243564
380	21.302739
381	21.361913
382	21.421087
383	21.480261
384	21.539436
385	21.598610
386	21.657784
387	21.716959
388	21.776133
389	21.835307
390	21.894481
391	21.953656
392	22.012830
393	22.072004
394	22.131178
395	22.190353
396	22.249527
397	22.308701
398	22.367876
399	22.427050
400	22.486224
401	22.545398
402	22.604573
403	22.663747
404	22.722921
405	22.782095
406	22.841270
407	22.900444
408	22.959618
409	23.018793
410	23.077967
411	23.137141
412	23.196315
413	23.255490
414	23.314664
415	23.373838
416	23.433013
417	23.492187
418	23.551361
419	23.610535
420	23.669710
421	23.728884
422	23.788058
423	23.847232
424	23.906407
425	23.965581
426	24.024755
427	24.083930
428	24.143104
429	24.202278
430	24.261452
431	24.320627
432	24.379801
433	24.438975
434	24.498149
435	24.557324
436	24.616498
437	24.675672
438	24.734847
439	24.794021
440	24.853195
441	24.912369
442	24.971544
443	25.030718
444	25.089892
445	25.149066
446	25.208241
447	25.267415
448	25.326589
449	25.385764
450	25.444938
451	25.504112
452	25.563286
453	25.622461
454	25.681635
455	25.740809
456	25.799983
457	25.859158
458	25.918332
459	25.977506
460	26.036681
461	26.095855
462	26.155029
463	26.214203
464	26.273378
465	26.332552
466	26.391726
467	26.450900
468	26.510075
469	26.569249
470	26.628423
471	26.687598
472	26.746772
473	26.805946
474	26.865120
475	26.924295
476	26.983469
477	27.042643
478	27.101817
479	27.160992
480	27.220166
481	27.279340
482	27.338515
483	27.397689
484	27.456863
485	27.516037
486	27.575212
487	27.634386
488	27.693560
489	27.752735
490	27.811909
491	27.871083
492	27.930257
493	27.989432
494	28.048606
495	28.107780
496	28.166954
497	28.226129
498	28.285303
499	28.344477
500	28.403652
501	28.462826
502	28.522000
503	28.581174
504	28.640349
505	28.699523
506	28.758697
507	28.817871
508	28.877046
509	28.936220
510	28.995394
511	29.054569
512	29.113743
513	29.172917
514	29.232091
515	29.291266
516	29.350440
517	29.409614
518	29.468788
519	29.527963
520	29.587137
521	29.646311
522	29.705486
523	29.764660
524	29.823834
525	29.883008
526	29.942183
527	30.001357
528	30.060531
529	30.119705
530	30.178880
531	30.238054
532	30.297228
533	30.356403
534	30.415577
535	30.474751
536	30.533925
537	30.593100
538	30.652274
539	30.711448
540	30.770622
541	30.829797
542	30.888971
543	30.948145
544	31.007320
545	31.066494
546	31.125668
547	31.184842
548	31.244017
549	31.303191
550	31.362365
551	31.421539
552	31.480714
553	31.539888
554	31.599062
555	31.658237
556	31.717411
557	31.776585
558	31.835759
559	31.894934
560	31.954108
561	32.013282
562	32.072456
563	32.131631
564	32.190805
565	32.249979
566	32.309154
567	32.368328
568	32.427502
569	32.486676
570	32.545851
571	32.605025
572	32.664199
573	32.723374
574	32.782548
575	32.841722
576	32.900896
577	32.960071
578	33.019245
579	33.078419
580	33.137593
581	33.196768
582	33.255942
583	33.315116
584	33.374291
585	33.433465
586	33.492639
587	33.551813
588	33.610988
589	33.670162
590	33.729336
591	33.788510
592	33.847685
593	33.906859
594	33.966033
595	34.025208
596	34.084382
597	34.143556
598	34.202730
599	34.261905
600	34.321079
601	34.380253
602	34.439427
603	34.498602
604	34.557776
605	34.616950
606	34.676125
607	34.735299
608	34.794473
609	34.853647
610	34.912822
611	34.971996
612	35.031170
613	35.090344
614	35.149519
615	35.208693
616	35.267867
617	35.327042
618	35.386216
619	35.445390
620	35.504564
621	35.563739
622	35.622913
623	35.682087
624	35.741261
625	35.800436
626	35.859610
627	35.918784
628	35.977959
629	36.037133
630	36.096307
631	36.155481
632	36.214656
633	36.273830
634	36.333004
635	36.392178
636	36.451353
637	36.510527
638	36.569701
639	36.628876
640	36.688050
641	36.747224
642	36.806398
643	36.865573
644	36.924747
645	36.983921
646	37.043096
647	37.102270
648	37.161444
649	37.220618
650	37.279793
651	37.338967
652	37.398141
653	37.457315
654	37.516490
655	37.575664
656	37.634838
657	37.694013
658	37.753187
659	37.812361
660	37.871535
661	37.930710
662	37.989884
663	38.049058
664	38.108232
665	38.167407
666	38.226581
667	38.285755
668	38.344930
669	38.404104
670	38.463278
671	38.522452
672	38.581627
673	38.640801
674	38.699975
675	38.759149
676	38.818324
677	38.877498
678	38.936672
679	38.995847
680	39.055021
681	39.114195
682	39.173369
683	39.232544
684	39.291718
685	39.350892
686	39.410066
687	39.469241
688	39.528415
689	39.587589
690	39.646764
691	39.705938
692	39.765112
693	39.824286
694	39.883461
695	39.942635
696	40.001809
697	40.060983
698	40.120158
699	40.179332
700	40.238506
701	40.297681
702	40.356855
703	40.416029
704	40.475203
705	40.534378
706	40.593552
707	40.652726
708	40.711900
709	40.771075
710	40.830249
711	40.889423
712	40.948598
713	41.007772
714	41.066946
715	41.126120
716	41.185295
717	41.244469
718	41.303643
719	41.362818
720	41.421992
721	41.481166
722	41.540340
723	41.599515
724	41.658689
725	41.717863
726	41.777037
727	41.836212
728	41.895386
729	41.954560
730	42.013735
731	42.072909
732	42.132083
733	42.191257
734	42.250432
735	42.309606
736	42.368780
737	42.427954
738	42.487129
739	42.546303
740	42.605477
741	42.664652
742	42.723826
743	42.783000
744	42.842174
745	42.901349
746	42.960523
747	43.019697
748	43.078871
749	43.138046
750	43.197220
751	43.256394
752	43.315569
753	43.374743
754	43.433917
755	43.493091
756	43.552266
757	43.611440
758	43.670614
759	43.729788
760	43.788963
761	43.848137
762	43.907311
763	43.966486
764	44.025660
765	44.084834
766	44.144008
767	44.203183
768	44.262357
769	44.321531
770	44.380705
771	44.439880
772	44.499054
773	44.558228
774	44.617403
775	44.676577
776	44.735751
777	44.794925
778	44.854100
779	44.913274
780	44.972448
781	45.031622
782	45.090797
783	45.149971
784	45.209145
785	45.268320
786	45.327494
787	45.386668
788	45.445842
789	45.505017
790	45.564191
791	45.623365
792	45.682540
793	45.741714
794	45.800888
795	45.860062
796	45.919237
797	45.978411
798	46.037585
799	46.096759
800	46.155934
801	46.215108
802	46.274282
803	46.333457
804	46.392631
805	46.451805
806	46.510979
807	46.570154
808	46.629328
809	46.688502
810	46.747676
811	46.806851
812	46.866025
813	46.925199
814	46.984374
815	47.043548
816	47.102722
817	47.161896
818	47.221071
819	47.280245
820	47.339419
821	47.398593
822	47.457768
823	47.516942
824	47.576116
825	47.635291
826	47.694465
827	47.753639
828	47.812813
829	47.871988
830	47.931162
831	47.990336
832	48.049510
833	48.108685
834	48.167859
835	48.227033
836	48.286208
837	48.345382
838	48.404556
839	48.463730
840	48.522905
841	48.582079
842	48.641253
843	48.700427
844	48.759602
845	48.818776
846	48.877950
847	48.937125
848	48.996299
849	49.055473
850	49.114647
851	49.173822
852	49.232996
853	49.292170
854	49.351344
855	49.410519
856	49.469693
857	49.528867
858	49.588042
859	49.647216
860	49.706390
861	49.765564
862	49.824739
863	49.883913
864	49.943087
865	50.002262
866	50.061436
867	50.120610
868	50.179784
869	50.238959
870	50.298133
871	50.357307
872	50.416481
873	50.475656
874	50.534830
875	50.594004
876	50.653179
877	50.712353
878	50.771527
879	50.830701
880	50.889876
881	50.949050
882	51.008224
883	51.067398
884	51.126573
885	51.185747
886	51.244921
887	51.304096
888	51.363270
889	51.422444
890	51.481618
891	51.540793
892	51.599967
893	51.659141
894	51.718315
895	51.777490
896	51.836664
897	51.895838
898	51.955013
899	52.014187
900	52.073361
901	52.132535
902	52.191710
903	52.250884
904	52.310058
905	52.369232
906	52.428407
907	52.487581
908	52.546755
909	52.605930
910	52.665104
911	52.724278
912	52.783452
913	52.842627
914	52.901801
915	52.960975
916	53.020149
917	53.079324
918	53.138498
919	53.197672
920	53.256847
921	53.316021
922	53.375195
923	53.434369
924	53.493544
925	53.552718
926	53.611892
927	53.671066
928	53.730241
929	53.789415
930	53.848589
931	53.907764
932	53.966938
933	54.026112
934	54.085286
935	54.144461
936	54.203635
937	54.262809
938	54.321984
939	54.381158
940	54.440332
941	54.499506
942	54.558681
943	54.617855
944	54.677029
945	54.736203
946	54.795378
947	54.854552
948	54.913726
949	54.972901
950	55.032075
951	55.091249
952	55.150423
953	55.209598
954	55.268772
955	55.327946
956	55.387120
957	55.446295
958	55.505469
959	55.564643
960	55.623818
961	55.682992
962	55.742166
963	55.801340
964	55.860515
965	55.919689
966	55.978863
967	56.038037
968	56.097212
969	56.156386
970	56.215560
971	56.274735
972	56.333909
973	56.393083
974	56.452257
975	56.511432
976	56.570606
977	56.629780
978	56.688954
979	56.748129
980	56.807303
981	56.866477
982	56.925652
983	56.984826
984	57.044000
985	57.103174
986	57.162349
987	57.221523
988	57.280697
989	57.339871
990	57.399046
991	57.458220
992	57.517394
993	57.576569
994	57.635743
995	57.694917
996	57.754091
997	57.813266
998	57.872440
999	57.931614
1000	57.990788
1001	58.049963
1002	58.109137
1003	58.168311
1004	58.227486
1005	58.286660
1006	58.345834
1007	58.405008
1008	58.464183
1009	58.523357
1010	58.582531
1011	58.641706
1012	58.700880
1013	58.760054
1014	58.819228
1015	58.878403
1016	58.937577
1017	58.996751
1018	59.055925
1019	59.115100
1020	59.174274
1021	59.233448
1022	59.292623
1023	59.351797
1024	59.410971
1025	59.470145
1026	59.529320
1027	59.588494
1028	59.647668
1029	59.706842
1030	59.766017
1031	59.825191
1032	59.884365
1033	59.943540
1034	60.002714
1035	60.061888
1036	60.121062
1037	60.180237
1038	60.239411
1039	60.298585
1040	60.357759
1041	60.416934
1042	60.476108
1043	60.535282
1044	60.594457
1045	60.653631
1046	60.712805
1047	60.771979
1048	60.831154
1049	60.890328
1050	60.949502
1051	61.008676
1052	61.067851
1053	61.127025
1054	61.186199
1055	61.245374
1056	61.304548
1057	61.363722
1058	61.422896
1059	61.482071
1060	61.541245
1061	61.600419
1062	61.659593
1063	61.718768
1064	61.777942
1065	61.837116
1066	61.896291
1067	61.955465
1068	62.014639
1069	62.073813
1070	62.132988
1071	62.192162
1072	62.251336
1073	62.310510
1074	62.369685
1075	62.428859
1076	62.488033
1077	62.547208
1078	62.606382
1079	62.665556
1080	62.724730
1081	62.783905
1082	62.843079
1083	62.902253
1084	62.961428
1085	63.020602
1086	63.079776
1087	63.138950
1088	63.198125
1089	63.257299
1090	63.316473
1091	63.375647
1092	63.434822
1093	63.493996
1094	63.553170
1095	63.612345
1096	63.671519
1097	63.730693
1098	63.789867
1099	63.849042
1100	63.908216
1101	63.967390
1102	64.026564
1103	64.085739
1104	64.144913
1105	64.204087
1106	64.263262
1107	64.322436
1108	64.381610
1109	64.440784
1110	64.499959
1111	64.559133
1112	64.618307
1113	64.677481
1114	64.736656
1115	64.795830
1116	64.855004
1117	64.914179
1118	64.973353
1119	65.032527
1120	65.091701
1121	65.150876
1122	65.210050
1123	65.269224
1124	65.328398
1125	65.387573
1126	65.446747
1127	65.505921
1128	65.565096
1129	65.624270
1130	65.683444
1131	65.742618
1132	65.801793
1133	65.860967
1134	65.920141
1135	65.979315
1136	66.038490
1137	66.097664
1138	66.156838
1139	66.216013
1140	66.275187
1141	66.334361
1142	66.393535
1143	66.452710
1144	66.511884
1145	66.571058
1146	66.630232
1147	66.689407
1148	66.748581
1149	66.807755
1150	66.866930
1151	66.926104
1152	66.985278
1153	67.044452
1154	67.103627
1155	67.162801
1156	67.221975
1157	67.281150
1158	67.340324
1159	67.399498
1160	67.458672
1161	67.517847
1162	67.577021
1163	67.636195
1164	67.695369
1165	67.754544
1166	67.813718
1167	67.872892
1168	67.932067
1169	67.991241
1170	68.050415
1171	68.109589
1172	68.168764
1173	68.227938
1174	68.287112
1175	68.346286
1176	68.405461
1177	68.464635
1178	68.523809
1179	68.582984
1180	68.642158
1181	68.701332
1182	68.760506
1183	68.819681
1184	68.878855
1185	68.938029
1186	68.997203
1187	69.056378
1188	69.115552
1189	69.174726
1190	69.233901
1191	69.293075
1192	69.352249
1193	69.411423
1194	69.470598
1195	69.529772
1196	69.588946
1197	69.648120
1198	69.707295
1199	69.766469
1200	69.825643
1201	69.884818
1202	69.943992
1203	70.003166
1204	70.062340
1205	70.121515
1206	70.180689
1207	70.239863
1208	70.299037
1209	70.358212
1210	70.417386
1211	70.476560
1212	70.535735
1213	70.594909
1214	70.654083
1215	70.713257
1216	70.772432
1217	70.831606
1218	70.890780
1219	70.949954
1220	71.009129
1221	71.068303
1222	71.127477
1223	71.186652
1224	71.245826
1225	71.305000
1226	71.364174
1227	71.423349
1228	71.482523
1229	71.541697
1230	71.600872
1231	71.660046
1232	71.719220
1233	71.778394
1234	71.837569
1235	71.896743
1236	71.955917
1237	72.015091
1238	72.074266
1239	72.133440
1240	72.192614
1241	72.251789
1242	72.310963
1243	72.370137
1244	72.429311
1245	72.488486
1246	72.547660
1247	72.606834
1248	72.666008
1249	72.725183
1250	72.784357
1251	72.843531
1252	72.902706
1253	72.961880
1254	73.021054
1255	73.080228
1256	73.139403
1257	73.198577
1258	73.257751
1259	73.316925
1260	73.376100
1261	73.435274
1262	73.494448
1263	73.553623
1264	73.612797
1265	73.671971
1266	73.731145
1267	73.790320
1268	73.849494
1269	73.908668
1270	73.967842
1271	74.027017
1272	74.086191
1273	74.145365
1274	74.204540
1275	74.263714
1276	74.322888
1277	74.382062
1278	74.441237
1279	74.500411
1280	74.559585
1281	74.618759
1282	74.677934
1283	74.737108
1284	74.796282
1285	74.855457
1286	74.914631
1287	74.973805
1288	75.032979
1289	75.092154
1290	75.151328
1291	75.210502
1292	75.269676
1293	75.328851
1294	75.388025
1295	75.447199
1296	75.506374
1297	75.565548
1298	75.624722
1299	75.683896
1300	75.743071
1301	75.802245
1302	75.861419
1303	75.920594
1304	75.979768
1305	76.038942
1306	76.098116
1307	76.157291
1308	76.216465
1309	76.275639
1310	76.334813
1311	76.393988
1312	76.453162
1313	76.512336
1314	76.571511
1315	76.630685
1316	76.689859
1317	76.749033
1318	76.808208
1319	76.867382
1320	76.926556
1321	76.985730
1322	77.044905
1323	77.104079
1324	77.163253
1325	77.222428
1326	77.281602
1327	77.340776
1328	77.399950
1329	77.459125
1330	77.518299
1331	77.577473
1332	77.636647
1333	77.695822
1334	77.754996
1335	77.814170
1336	77.873345
1337	77.932519
1338	77.991693
1339	78.050867
1340	78.110042
1341	78.169216
1342	78.228390
1343	78.287564
1344	78.346739
1345	78.405913
1346	78.465087
1347	78.524262
1348	78.583436
1349	78.642610
1350	78.701784
1351	78.760959
1352	78.820133
1353	78.879307
1354	78.938481
1355	78.997656
1356	79.056830
1357	79.116004
1358	79.175179
1359	79.234353
1360	79.293527
1361	79.352701
1362	79.411876
1363	79.471050
1364	79.530224
1365	79.589398
1366	79.648573
1367	79.707747
1368	79.766921
1369	79.826096
1370	79.885270
1371	79.944444
1372	80.003618
1373	80.062793
1374	80.121967
1375	80.181141
1376	80.240316
1377	80.299490
1378	80.358664
1379	80.417838
1380	80.477013
1381	80.536187
1382	80.595361
1383	80.654535
1384	80.713710
1385	80.772884
1386	80.832058
1387	80.891233
1388	80.950407
1389	81.009581
1390	81.068755
1391	81.127930
1392	81.187104
1393	81.246278
1394	81.305452
1395	81.364627
1396	81.423801
1397	81.482975
1398	81.542150
1399	81.601324
1400	81.660498
1401	81.719672
1402	81.778847
1403	81.838021
1404	81.897195
1405	81.956369
1406	82.015544
1407	82.074718
1408	82.133892
1409	82.193067
1410	82.252241
1411	82.311415
1412	82.370589
1413	82.429764
1414	82.488938
1415	82.548112
1416	82.607286
1417	82.666461
1418	82.725635
1419	82.784809
1420	82.843984
1421	82.903158
1422	82.962332
1423	83.021506
1424	83.080681
1425	83.139855
1426	83.199029
1427	83.258203
1428	83.317378
1429	83.376552
1430	83.435726
1431	83.494901
1432	83.554075
1433	83.613249
1434	83.672423
1435	83.731598
1436	83.790772
1437	83.849946
1438	83.909120
1439	83.968295
1440	84.027469
1441	84.086643
1442	84.145818
1443	84.204992
1444	84.264166
1445	84.323340
1446	84.382515
1447	84.441689
1448	84.500863
1449	84.560038
1450	84.619212
1451	84.678386
1452	84.737560
1453	84.796735
1454	84.855909
1455	84.915083
1456	84.974257
1457	85.033432
1458	85.092606
1459	85.151780
1460	85.210955
1461	85.270129
1462	85.329303
1463	85.388477
1464	85.447652
1465	85.506826
1466	85.566000
1467	85.625174
1468	85.684349
1469	85.743523
1470	85.802697
1471	85.861872
1472	85.921046
1473	85.980220
1474	86.039394
1475	86.098569
1476	86.157743
1477	86.216917
1478	86.276091
1479	86.335266
1480	86.394440
1481	86.453614
1482	86.512789
1483	86.571963
1484	86.631137
1485	86.690311
1486	86.749486
1487	86.808660
1488	86.867834
1489	86.927008
1490	86.986183
1491	87.045357
1492	87.104531
1493	87.163706
1494	87.222880
1495	87.282054
1496	87.341228
1497	87.400403
1498	87.459577
1499	87.518751
1500	87.577925
1501	87.637100
1502	87.696274
1503	87.755448
1504	87.814623
1505	87.873797
1506	87.932971
1507	87.992145
1508	88.051320
1509	88.110494
1510	88.169668
1511	88.228842
1512	88.288017
1513	88.347191
1514	88.406365
1515	88.465540
1516	88.524714
1517	88.583888
1518	88.643062
1519	88.702237
1520	88.761411
1521	88.820585
1522	88.879760
1523	88.938934
1524	88.998108
1525	89.057282
1526	89.116457
1527	89.175631
1528	89.234805
1529	89.293979
1530	89.353154
1531	89.412328
1532	89.471502
1533	89.530677
1534	89.589851
1535	89.649025
1536	89.708199
1537	89.767374
1538	89.826548
1539	89.885722
1540	89.944896
1541	90.004071
1542	90.063245
1543	90.122419
1544	90.181594
1545	90.240768
1546	90.299942
1547	90.359116
1548	90.418291
1549	90.477465
1550	90.536639
1551	90.595813
1552	90.654988
1553	90.714162
1554	90.773336
1555	90.832511
1556	90.891685
1557	90.950859
1558	91.010033
1559	91.069208
1560	91.128382
1561	91.187556
1562	91.246730
1563	91.305905
1564	91.365079
1565	91.424253
1566	91.483428
1567	91.542602
1568	91.601776
1569	91.660950
1570	91.720125
1571	91.779299
1572	91.838473
1573	91.897647
1574	91.956822
1575	92.015996
1576	92.075170
1577	92.134345
1578	92.193519
1579	92.252693
1580	92.311867
1581	92.371042
1582	92.430216
1583	92.489390
1584	92.548564
1585	92.607739
1586	92.666913
1587	92.726087
1588	92.785262
1589	92.844436
1590	92.903610
1591	92.962784
1592	93.021959
1593	93.081133
1594	93.140307
1595	93.199482
1596	93.258656
1597	93.317830
1598	93.377004
1599	93.436179
1600	93.495353
1601	93.554527
1602	93.613701
1603	93.672876
1604	93.732050
1605	93.791224
1606	93.850399
1607	93.909573
1608	93.968747
1609	94.027921
1610	94.087096
1611	94.146270
1612	94.205444
1613	94.264618
1614	94.323793
1615	94.382967
1616	94.442141
1617	94.501316
1618	94.560490
1619	94.619664
1620	94.678838
1621	94.738013
1622	94.797187
1623	94.856361
1624	94.915535
1625	94.974710
1626	95.033884
1627	95.093058
1628	95.152233
1629	95.211407
1630	95.270581
1631	95.329755
1632	95.388930
1633	95.448104
1634	95.507278
1635	95.566452
1636	95.625627
1637	95.684801
1638	95.743975
1639	95.803150
1640	95.862324
1641	95.921498
1642	95.980672
1643	96.039847
1644	96.099021
1645	96.158195
1646	96.217369
1647	96.276544
1648	96.335718
1649	96.394892
1650	96.454067
1651	96.513241
1652	96.572415
1653	96.631589
1654	96.690764
1655	96.749938
1656	96.809112
1657	96.868286
1658	96.927461
1659	96.986635
1660	97.045809
1661	97.104984
1662	97.164158
1663	97.223332
1664	97.282506
1665	97.341681
1666	97.400855
1667	97.460029
1668	97.519204
1669	97.578378
1670	97.637552
1671	97.696726
1672	97.755901
1673	97.815075
1674	97.874249
1675	97.933423
1676	97.992598
1677	98.051772
1678	98.110946
1679	98.170121
1680	98.229295
1681	98.288469
1682	98.347643
1683	98.406818
1684	98.465992
1685	98.525166
1686	98.584340
1687	98.643515
1688	98.702689
1689	98.761863
1690	98.821038
1691	98.880212
1692	98.939386
1693	98.998560
1694	99.057735
1695	99.116909
1696	99.176083
1697	99.235257
1698	99.294432
1699	99.353606
1700	99.412780
1701	99.471955
1702	99.531129
1703	99.590303
1704	99.649477
1705	99.708652
1706	99.767826
1707	99.827000
1708	99.886174
1709	99.945349
1710	100.004523
1711	100.063697
1712	100.122872
1713	100.182046
1714	100.241220
1715	100.300394
1716	100.359569
1717	100.418743
1718	100.477917
1719	100.537091
1720	100.596266
1721	100.655440
1722	100.714614
1723	100.773789
1724	100.832963
1725	100.892137
1726	100.951311
1727	101.010486
1728	101.069660
1729	101.128834
1730	101.188008
1731	101.247183
1732	101.306357
1733	101.365531
1734	101.424706
1735	101.483880
1736	101.543054
1737	101.602228
1738	101.661403
1739	101.720577
1740	101.779751
1741	101.838926
1742	101.898100
1743	101.957274
1744	102.016448
1745	102.075623
1746	102.134797
1747	102.193971
1748	102.253145
1749	102.312320
1750	102.371494
1751	102.430668
1752	102.489843
1753	102.549017
1754	102.608191
1755	102.667365
1756	102.726540
1757	102.785714
1758	102.844888
1759	102.904062
1760	102.963237
1761	103.022411
1762	103.081585
1763	103.140760
1764	103.199934
1765	103.259108
1766	103.318282
1767	103.377457
1768	103.436631
1769	103.495805
1770	103.554979
1771	103.614154
1772	103.673328
1773	103.732502
1774	103.791677
1775	103.850851
1776	103.910025
1777	103.969199
1778	104.028374
1779	104.087548
1780	104.146722
1781	104.205896
1782	104.265071
1783	104.324245
1784	104.383419
1785	104.442594
1786	104.501768
1787	104.560942
1788	104.620116
1789	104.679291
1790	104.738465
1791	104.797639
1792	104.856813
1793	104.915988
1794	104.975162
1795	105.034336
1796	105.093511
1797	105.152685
1798	105.211859
1799	105.271033
1800	105.330208
1801	105.389382
1802	105.448556
1803	105.507730
1804	105.566905
1805	105.626079
1806	105.685253
1807	105.744428
1808	105.803602
1809	105.862776
1810	105.921950
1811	105.981125
1812	106.040299
1813	106.099473
1814	106.158648
1815	106.217822
1816	106.276996
1817	106.336170
1818	106.395345
1819	106.454519
1820	106.513693
1821	106.572867
1822	106.632042
1823	106.691216
1824	106.750390
1825	106.809565
1826	106.868739
1827	106.927913
1828	106.987087
1829	107.046262
1830	107.105436
1831	107.164610
1832	107.223784
1833	107.282959
1834	107.342133
1835	107.401307
1836	107.460482
1837	107.519656
1838	107.578830
1839	107.638004
1840	107.697179
1841	107.756353
1842	107.815527
1843	107.874701
1844	107.933876
1845	107.993050
1846	108.052224
1847	108.111399
1848	108.170573
1849	108.229747
1850	108.288921
1851	108.348096
1852	108.407270
1853	108.466444
1854	108.525618
1855	108.584793
1856	108.643967
1857	108.703141
1858	108.762316
1859	108.821490
1860	108.880664
1861	108.939838
1862	108.999013
1863	109.058187
1864	109.117361
1865	109.176535
1866	109.235710
1867	109.294884
1868	109.354058
1869	109.413233
1870	109.472407
1871	109.531581
1872	109.590755
1873	109.649930
1874	109.709104
1875	109.768278
1876	109.827452
1877	109.886627
1878	109.945801
1879	110.004975
1880	110.064150
1881	110.123324
1882	110.182498
1883	110.241672
1884	110.300847
1885	110.360021
1886	110.419195
1887	110.478370
1888	110.537544
1889	110.596718
1890	110.655892
1891	110.715067
1892	110.774241
1893	110.833415
1894	110.892589
1895	110.951764
1896	111.010938
1897	111.070112
1898	111.129287
1899	111.188461
1900	111.247635
1901	111.306809
1902	111.365984
1903	111.425158
1904	111.484332
1905	111.543506
1906	111.602681
1907	111.661855
1908	111.721029
1909	111.780204
1910	111.839378
1911	111.898552
1912	111.957726
1913	112.016901
1914	112.076075
1915	112.135249
1916	112.194423
1917	112.253598
1918	112.312772
1919	112.371946
1920	112.431121
1921	112.490295
1922	112.549469
1923	112.608643
1924	112.667818
1925	112.726992
1926	112.786166
1927	112.845340
1928	112.904515
1929	112.963689
1930	113.022863
1931	113.082038
1932	113.141212
1933	113.200386
1934	113.259560
1935	113.318735
1936	113.377909
1937	113.437083
1938	113.496257
1939	113.555432
1940	113.614606
1941	113.673780
1942	113.732955
1943	113.792129
1944	113.851303
1945	113.910477
1946	113.969652
1947	114.028826
1948	114.088000
1949	114.147174
1950	114.206349
1951	114.265523
1952	114.324697
1953	114.383872
1954	114.443046
1955	114.502220
1956	114.561394
1957	114.620569
1958	114.679743
1959	114.738917
1960	114.798092
1961	114.857266
1962	114.916440
1963	114.975614
1964	115.034789
1965	115.093963
1966	115.153137
1967	115.212311
1968	115.271486
1969	115.330660
1970	115.389834
1971	115.449009
1972	115.508183
1973	115.567357
1974	115.626531
1975	115.685706
1976	115.744880
1977	115.804054
1978	115.863228
1979	115.922403
1980	115.981577
1981	116.040751
1982	116.099926
1983	116.159100
1984	116.218274
1985	116.277448
1986	116.336623
1987	116.395797
1988	116.454971
1989	116.514145
1990	116.573320
1991	116.632494
1992	116.691668
1993	116.750843
1994	116.810017
1995	116.869191
1996	116.928365
1997	116.987540
1998	117.046714
1999	117.105888
2000	117.165062
2001	117.224237
2002	117.283411
2003	117.342585
2004	117.401760
2005	117.460934
2006	117.520108
2007	117.579282
2008	117.638457
2009	117.697631
2010	117.756805
2011	117.815979
2012	117.875154
2013	117.934328
2014	117.993502
2015	118.052677
2016	118.111851
2017	118.171025
2018	118.230199
2019	118.289374
2020	118.348548
2021	118.407722
2022	118.466896
2023	118.526071
2024	118.585245
2025	118.644419
2026	118.703594
2027	118.762768
2028	118.821942
2029	118.881116
2030	118.940291
2031	118.999465
2032	119.058639
2033	119.117814
2034	119.176988
2035	119.236162
2036	119.295336
2037	119.354511
2038	119.413685
2039	119.472859
2040	119.532033
2041	119.591208
2042	119.650382
2043	119.709556
2044	119.768731
2045	119.827905
2046	119.887079
2047	119.946253
