0	-1.190485
1	-1.130960
2	-1.071436
3	-1.011912
4	-0.952388
5	-0.892863
6	-0.833339
7	-0.773815
8	-0.714291
9	-0.654767
10	-0.595242
11	-0.535718
12	-0.476194
13	-0.416670
14	-0.357145
15	-0.297621
16	-0.238097
17	-0.178573
18	-0.119048
19	-0.059524
20	0.000000
21	0.059524
22	0.119048
23	0.178573
24	0.238097
25	0.297621
26	0.357145
27	0.416670
28	0.476194
29	0.535718
30	0.595242
31	0.654767
32	0.714291
33	0.773815
34	0.833339
35	0.892863
36	0.952388
37	1.011912
38	1.071436
39	1.130960
40	1.190485
41	1.250009
42	1.309533
43	1.369057
44	1.428581
45	1.488106
46	1.547630
47	1.607154
48	1.666678
49	1.726203
50	1.785727
51	1.845251
52	1.904775
53	1.964300
54	2.023824
55	2.083348
56	2.142872
57	2.202396
58	2.261921
59	2.321445
60	2.380969
61	2.440493
62	2.500018
63	2.559542
64	2.619066
65	2.678590
66	2.738114
67	2.797639
68	2.857163
69	2.916687
70	2.976211
71	3.035736
72	3.095260
73	3.154784
74	3.214308
75	3.273833
76	3.333357
77	3.392881
78	3.452405
79	3.511929
80	3.571454
81	3.630978
82	3.690502
83	3.750026
84	3.809551
85	3.869075
86	3.928599
87	3.988123
88	4.047647
89	4.107172
90	4.166696
91	4.226220
92	4.285744
93	4.345269
94	4.404793
95	4.464317
96	4.523841
97	4.583366
98	4.642890
99	4.702414
100	4.761938
101	4.821462
102	4.880987
103	4.940511
104	5.000035
105	5.059559
106	5.119084
107	5.178608
108	5.238132
109	5.297656
110	5.357181
111	5.416705
112	5.476229
113	5.535753
114	5.595277
115	5.654802
116	5.714326
117	5.773850
118	5.833374
119	5.892899
120	5.952423
121	6.011947
122	6.071471
123	6.130995
124	6.190520
125	6.250044
126	6.309568
127	6.369092
128	6.428617
129	6.488141
130	6.547665
131	6.607189
132	6.666714
133	6.726238
134	6.785762
135	6.845286
136	6.904810
137	6.964335
138	7.023859
139	7.083383
140	7.142907
141	7.202432
142	7.261956
143	7.321480
144	7.381004
145	7.440528
146	7.500053
147	7.559577
148	7.619101
149	7.678625
150	7.738150
151	7.797674
152	7.857198
153	7.916722
154	7.976247
155	8.035771
156	8.095295
157	8.154819
158	8.214343
159	8.273868
160	8.333392
161	8.392916
162	8.452440
163	8.511965
164	8.571489
165	8.631013
166	8.690537
167	8.750061
168	8.809586
169	8.869110
170	8.928634
171	8.988158
172	9.047683
173	9.107207
174	9.166731
175	9.226255
176	9.285780
177	9.345304
178	9.404828
179	9.464352
180	9.523876
181	9.583401
182	9.642925
183	9.702449
184	9.761973
185	9.821498
186	9.881022
187	9.940546
188	10.000070
189	10.059594
190	10.119119
191	10.178643
192	10.238167
193	10.297691
194	10.357216
195	10.416740
196	10.476264
197	10.535788
198	10.595313
199	10.654837
200	10.714361
201	10.773885
202	10.833409
203	10.892934
204	10.952458
205	11.011982
206	11.071506
207	11.131031
208	11.190555
209	11.250079
210	11.309603
211	11.369128
212	11.428652
213	11.488176
214	11.547700
215	11.607224
216	11.666749
217	11.726273
218	11.785797
219	11.845321
220	11.904846
221	11.964370
222	12.023894
223	12.083418
224	12.142942
225	12.202467
226	12.261991
227	12.321515
228	12.381039
229	12.440564
230	12.500088
231	12.559612
232	12.619136
233	12.678661
234	12.738185
235	12.797709
236	12.857233
237	12.916757
238	12.976282
239	13.035806
240	13.095330
241	13.154854
242	13.214379
243	13.273903
244	13.333427
245	13.392951
246	13.452475
247	13.512000
248	13.571524
249	13.631048
250	13.690572
251	13.750097
252	13.809621
253	13.869145
254	13.928669
255	13.988194
256	14.047718
257	14.107242
258	14.166766
259	14.226290
260	14.285815
261	14.345339
262	14.404863
263	14.464387
264	14.523912
265	14.583436
266	14.642960
267	14.702484
268	14.762008
269	14.821533
270	14.881057
271	14.940581
272	15.000105
273	15.059630
274	15.119154
275	15.178678
276	15.238202
277	15.297727
278	15.357251
279	15.416775
280	15.476299
281	15.535823
282	15.595348
283	15.654872
284	15.714396
285	15.773920
286	15.833445
287	15.892969
288	15.952493
289	16.012017
290	16.071542
291	16.131066
292	16.190590
293	16.250114
294	16.309638
295	16.369163
296	16.428687
297	16.488211
298	16.547735
299	16.607260
300	16.666784
301	16.726308
302	16.785832
303	16.845356
304	16.904881
305	16.964405
306	17.023929
307	17.083453
308	17.142978
309	17.202502
310	17.262026
311	17.321550
312	17.381075
313	17.440599
314	17.500123
315	17.559647
316	17.619171
317	17.678696
318	17.738220
319	17.797744
320	17.857268
321	17.916793
322	17.976317
323	18.035841
324	18.095365
325	18.154889
326	18.214414
327	18.273938
328	18.333462
329	18.392986
330	18.452511
331	18.512035
332	18.571559
333	18.631083
334	18.690608
335	18.750132
336	18.809656
337	18.869180
338	18.928704
339	18.988229
340	19.047753
341	19.107277
342	19.166801
343	19.226326
344	19.285850
345	19.345374
346	19.404898
347	19.464422
348	19.523947
349	19.583471
350	19.642995
351	19.702519
352	19.762044
353	19.821568
354	19.881092
355	19.940616
356	20.000141
357	20.059665
358	20.119189
359	20.178713
360	20.238237
361	20.297762
362	20.357286
363	20.416810
364	20.476334
365	20.535859
366	20.595383
367	20.654907
368	20.714431
369	20.773955
370	20.833480
371	20.893004
372	20.952528
373	21.012052
374	21.071577
375	21.131101
376	21.190625
377	21.250149
378	21.309674
379	21.369198
380	21.428722
381	21.488246
382	21.547770
383	21.607295
384	21.666819
385	21.726343
386	21.785867
387	21.845392
388	21.904916
389	21.964440
390	22.023964
391	22.083489
392	22.143013
393	22.202537
394	22.262061
395	22.321585
396	22.381110
397	22.440634
398	22.500158
399	22.559682
400	22.619207
401	22.678731
402	22.738255
403	22.797779
404	22.857303
405	22.916828
406	22.976352
407	23.035876
408	23.095400
409	23.154925
410	23.214449
411	23.273973
412	23.333497
413	23.393022
414	23.452546
415	23.512070
416	23.571594
417	23.631118
418	23.690643
419	23.750167
420	23.809691
421	23.869215
422	23.928740
423	23.988264
424	24.047788
425	24.107312
426	24.166836
427	24.226361
428	24.285885
429	24.345409
430	24.404933
431	24.464458
432	24.523982
433	24.583506
434	24.643030
435	24.702555
436	24.762079
437	24.821603
438	24.881127
439	24.940651
440	25.000176
441	25.059700
442	25.119224
443	25.178748
444	25.238273
445	25.297797
446	25.357321
447	25.416845
448	25.476369
449	25.535894
450	25.595418
451	25.654942
452	25.714466
453	25.773991
454	25.833515
455	25.893039
456	25.952563
457	26.012088
458	26.071612
459	26.131136
460	26.190660
461	26.250184
462	26.309709
463	26.369233
464	26.428757
465	26.488281
466	26.547806
467	26.607330
468	26.666854
469	26.726378
470	26.785902
471	26.845427
472	26.904951
473	26.964475
474	27.023999
475	27.083524
476	27.143048
477	27.202572
478	27.262096
479	27.321621
480	27.381145
481	27.440669
482	27.500193
483	27.559717
484	27.619242
485	27.678766
486	27.738290
487	27.797814
488	27.857339
489	27.916863
490	27.976387
491	28.035911
492	28.095436
493	28.154960
494	28.214484
495	28.274008
496	28.333532
497	28.393057
498	28.452581
499	28.512105
500	28.571629
501	28.631154
502	28.690678
503	28.750202
504	28.809726
505	28.869250
506	28.928775
507	28.988299
508	29.047823
509	29.107347
510	29.166872
511	29.226396
512	29.285920
513	29.345444
514	29.404969
515	29.464493
516	29.524017
517	29.583541
518	29.643065
519	29.702590
520	29.762114
521	29.821638
522	29.881162
523	29.940687
524	30.000211
525	30.059735
526	30.119259
527	30.178783
528	30.238308
529	30.297832
530	30.357356
531	30.416880
532	30.476405
533	30.535929
534	30.595453
535	30.654977
536	30.714502
537	30.774026
538	30.833550
539	30.893074
540	30.952598
541	31.012123
542	31.071647
543	31.131171
544	31.190695
545	31.250220
546	31.309744
547	31.369268
548	31.428792
549	31.488316
550	31.547841
551	31.607365
552	31.666889
553	31.726413
554	31.785938
555	31.845462
556	31.904986
557	31.964510
558	32.024035
559	32.083559
560	32.143083
561	32.202607
562	32.262131
563	32.321656
564	32.381180
565	32.440704
566	32.500228
567	32.559753
568	32.619277
569	32.678801
570	32.738325
571	32.797850
572	32.857374
573	32.916898
574	32.976422
575	33.035946
576	33.095471
577	33.154995
578	33.214519
579	33.274043
580	33.333568
581	33.393092
582	33.452616
583	33.512140
584	33.571664
585	33.631189
586	33.690713
587	33.750237
588	33.809761
589	33.869286
590	33.928810
591	33.988334
592	34.047858
593	34.107383
594	34.166907
595	34.226431
596	34.285955
597	34.345479
598	34.405004
599	34.464528
600	34.524052
601	34.583576
602	34.643101
603	34.702625
604	34.762149
605	34.821673
606	34.881197
607	34.940722
608	35.000246
609	35.059770
610	35.119294
611	35.178819
612	35.238343
613	35.297867
614	35.357391
615	35.416916
616	35.476440
617	35.535964
618	35.595488
619	35.655012
620	35.714537
621	35.774061
622	35.833585
623	35.893109
624	35.952634
625	36.012158
626	36.071682
627	36.131206
628	36.190730
629	36.250255
630	36.309779
631	36.369303
632	36.428827
633	36.488352
634	36.547876
635	36.607400
636	36.666924
637	36.726449
638	36.785973
639	36.845497
640	36.905021
641	36.964545
642	37.024070
643	37.083594
644	37.143118
645	37.202642
646	37.262167
647	37.321691
648	37.381215
649	37.440739
650	37.500263
651	37.559788
652	37.619312
653	37.678836
654	37.738360
655	37.797885
656	37.857409
657	37.916933
658	37.976457
659	38.035982
660	38.095506
661	38.155030
662	38.214554
663	38.274078
664	38.333603
665	38.393127
666	38.452651
667	38.512175
668	38.571700
669	38.631224
670	38.690748
671	38.750272
672	38.809797
673	38.869321
674	38.928845
675	38.988369
676	39.047893
677	39.107418
678	39.166942
679	39.226466
680	39.285990
681	39.345515
682	39.405039
683	39.464563
684	39.524087
685	39.583611
686	39.643136
687	39.702660
688	39.762184
689	39.821708
690	39.881233
691	39.940757
692	40.000281
693	40.059805
694	40.119330
695	40.178854
696	40.238378
697	40.297902
698	40.357426
699	40.416951
700	40.476475
701	40.535999
702	40.595523
703	40.655048
704	40.714572
705	40.774096
706	40.833620
707	40.893144
708	40.952669
709	41.012193
710	41.071717
711	41.131241
712	41.190766
713	41.250290
714	41.309814
715	41.369338
716	41.428863
717	41.488387
718	41.547911
719	41.607435
720	41.666959
721	41.726484
722	41.786008
723	41.845532
724	41.905056
725	41.964581
726	42.024105
727	42.083629
728	42.143153
729	42.202677
730	42.262202
731	42.321726
732	42.381250
733	42.440774
734	42.500299
735	42.559823
736	42.619347
737	42.678871
738	42.738396
739	42.797920
740	42.857444
741	42.916968
742	42.976492
743	43.036017
744	43.095541
745	43.155065
746	43.214589
747	43.274114
748	43.333638
749	43.393162
750	43.452686
751	43.512211
752	43.571735
753	43.631259
754	43.690783
755	43.750307
756	43.809832
757	43.869356
758	43.928880
759	43.988404
760	44.047929
761	44.107453
762	44.166977
763	44.226501
764	44.286025
765	44.345550
766	44.405074
767	44.464598
768	44.524122
769	44.583647
770	44.643171
771	44.702695
772	44.762219
773	44.821744
774	44.881268
775	44.940792
776	45.000316
777	45.059840
778	45.119365
779	45.178889
780	45.238413
781	45.297937
782	45.357462
783	45.416986
784	45.476510
785	45.536034
786	45.595558
787	45.655083
788	45.714607
789	45.774131
790	45.833655
791	45.893180
792	45.952704
793	46.012228
794	46.071752
795	46.131277
796	46.190801
797	46.250325
798	46.309849
799	46.369373
800	46.428898
801	46.488422
802	46.547946
803	46.607470
804	46.666995
805	46.726519
806	46.786043
807	46.845567
808	46.905091
809	46.964616
810	47.024140
811	47.083664
812	47.143188
813	47.202713
814	47.262237
815	47.321761
816	47.381285
817	47.440810
818	47.500334
819	47.559858
820	47.619382
821	47.678906
822	47.738431
823	47.797955
824	47.857479
825	47.917003
826	47.976528
827	48.036052
828	48.095576
829	48.155100
830	48.214624
831	48.274149
832	48.333673
833	48.393197
834	48.452721
835	48.512246
836	48.571770
837	48.631294
838	48.690818
839	48.750343
840	48.809867
841	48.869391
842	48.928915
843	48.988439
844	49.047964
845	49.107488
846	49.167012
847	49.226536
848	49.286061
849	49.345585
850	49.405109
851	49.464633
852	49.524158
853	49.583682
854	49.643206
855	49.702730
856	49.762254
857	49.821779
858	49.881303
859	49.940827
860	50.000351
861	50.059876
862	50.119400
863	50.178924
864	50.238448
865	50.297972
866	50.357497
867	50.417021
868	50.476545
869	50.536069
870	50.595594
871	50.655118
872	50.714642
873	50.774166
874	50.833691
875	50.893215
876	50.952739
877	51.012263
878	51.071787
879	51.131312
880	51.190836
881	51.250360
882	51.309884
883	51.369409
884	51.428933
885	51.488457
886	51.547981
887	51.607505
888	51.667030
889	51.726554
890	51.786078
891	51.845602
892	51.905127
893	51.964651
894	52.024175
895	52.083699
896	52.143224
897	52.202748
898	52.262272
899	52.321796
900	52.381320
901	52.440845
902	52.500369
903	52.559893
904	52.619417
905	52.678942
906	52.738466
907	52.797990
908	52.857514
909	52.917038
910	52.976563
911	53.036087
912	53.095611
913	53.155135
914	53.214660
915	53.274184
916	53.333708
917	53.393232
918	53.452757
919	53.512281
920	53.571805
921	53.631329
922	53.690853
923	53.750378
924	53.809902
925	53.869426
926	53.928950
927	53.988475
928	54.047999
929	54.107523
930	54.167047
931	54.226571
932	54.286096
933	54.345620
934	54.405144
935	54.464668
936	54.524193
937	54.583717
938	54.643241
939	54.702765
940	54.762290
941	54.821814
942	54.881338
943	54.940862
944	55.000386
945	55.059911
946	55.119435
947	55.178959
948	55.238483
949	55.298008
950	55.357532
951	55.417056
952	55.476580
953	55.536105
954	55.595629
955	55.655153
956	55.714677
957	55.774201
958	55.833726
959	55.893250
960	55.952774
961	56.012298
962	56.071823
963	56.131347
964	56.190871
965	56.250395
966	56.309919
967	56.369444
968	56.428968
969	56.488492
970	56.548016
971	56.607541
972	56.667065
973	56.726589
974	56.786113
975	56.845638
976	56.905162
977	56.964686
978	57.024210
979	57.083734
980	57.143259
981	57.202783
982	57.262307
983	57.321831
984	57.381356
985	57.440880
986	57.500404
987	57.559928
988	57.619452
989	57.678977
990	57.738501
991	57.798025
992	57.857549
993	57.917074
994	57.976598
995	58.036122
996	58.095646
997	58.155171
998	58.214695
999	58.274219
1000	58.333743
1001	58.393267
1002	58.452792
1003	58.512316
1004	58.571840
1005	58.631364
1006	58.690889
1007	58.750413
1008	58.809937
1009	58.869461
1010	58.928985
1011	58.988510
1012	59.048034
1013	59.107558
1014	59.167082
1015	59.226607
1016	59.286131
1017	59.345655
1018	59.405179
1019	59.464704
1020	59.524228
1021	59.583752
1022	59.643276
1023	59.702800
1024	59.762325
1025	59.821849
1026	59.881373
1027	59.940897
1028	60.000422
1029	60.059946
1030	60.119470
1031	60.178994
1032	60.238519
1033	60.298043
1034	60.357567
1035	60.417091
1036	60.476615
1037	60.536140
1038	60.595664
1039	60.655188
1040	60.714712
1041	60.774237
1042	60.833761
1043	60.893285
1044	60.952809
1045	61.012333
1046	61.071858
1047	61.131382
1048	61.190906
1049	61.250430
1050	61.309955
1051	61.369479
1052	61.429003
1053	61.488527
1054	61.548052
1055	61.607576
1056	61.667100
1057	61.726624
1058	61.786148
1059	61.845673
1060	61.905197
1061	61.964721
1062	62.024245
1063	62.083770
1064	62.143294
1065	62.202818
1066	62.262342
1067	62.321866
1068	62.381391
1069	62.440915
1070	62.500439
1071	62.559963
1072	62.619488
1073	62.679012
1074	62.738536
1075	62.798060
1076	62.857585
1077	62.917109
1078	62.976633
1079	63.036157
1080	63.095681
1081	63.155206
1082	63.214730
1083	63.274254
1084	63.333778
1085	63.393303
1086	63.452827
1087	63.512351
1088	63.571875
1089	63.631399
1090	63.690924
1091	63.750448
1092	63.809972
1093	63.869496
1094	63.929021
1095	63.988545
1096	64.048069
1097	64.107593
1098	64.167118
1099	64.226642
1100	64.286166
1101	64.345690
1102	64.405214
1103	64.464739
1104	64.524263
1105	64.583787
1106	64.643311
1107	64.702836
1108	64.762360
1109	64.821884
1110	64.881408
1111	64.940932
1112	65.000457
1113	65.059981
1114	65.119505
1115	65.179029
1116	65.238554
1117	65.298078
1118	65.357602
1119	65.417126
1120	65.476651
1121	65.536175
1122	65.595699
1123	65.655223
1124	65.714747
1125	65.774272
1126	65.833796
1127	65.893320
1128	65.952844
1129	66.012369
1130	66.071893
1131	66.131417
1132	66.190941
1133	66.250466
1134	66.309990
1135	66.369514
1136	66.429038
1137	66.488562
1138	66.548087
1139	66.607611
1140	66.667135
1141	66.726659
1142	66.786184
1143	66.845708
1144	66.905232
1145	66.964756
1146	67.024280
1147	67.083805
1148	67.143329
1149	67.202853
1150	67.262377
1151	67.321902
1152	67.381426
1153	67.440950
1154	67.500474
1155	67.559999
1156	67.619523
1157	67.679047
1158	67.738571
1159	67.798095
1160	67.857620
1161	67.917144
1162	67.976668
1163	68.036192
1164	68.095717
1165	68.155241
1166	68.214765
1167	68.274289
1168	68.333813
1169	68.393338
1170	68.452862
1171	68.512386
1172	68.571910
1173	68.631435
1174	68.690959
1175	68.750483
1176	68.810007
1177	68.869532
1178	68.929056
1179	68.988580
1180	69.048104
1181	69.107628
1182	69.167153
1183	69.226677
1184	69.286201
1185	69.345725
1186	69.405250
1187	69.464774
1188	69.524298
1189	69.583822
1190	69.643346
1191	69.702871
1192	69.762395
1193	69.821919
1194	69.881443
1195	69.940968
1196	70.000492
1197	70.060016
1198	70.119540
1199	70.179065
1200	70.238589
1201	70.298113
1202	70.357637
1203	70.417161
1204	70.476686
1205	70.536210
1206	70.595734
1207	70.655258
1208	70.714783
1209	70.774307
1210	70.833831
1211	70.893355
1212	70.952880
1213	71.012404
1214	71.071928
1215	71.131452
1216	71.190976
1217	71.250501
1218	71.310025
1219	71.369549
1220	71.429073
1221	71.488598
1222	71.548122
1223	71.607646
1224	71.667170
1225	71.726694
1226	71.786219
1227	71.845743
1228	71.905267
1229	71.964791
1230	72.024316
1231	72.083840
1232	72.143364
1233	72.202888
1234	72.262413
1235	72.321937
1236	72.381461
1237	72.440985
1238	72.500509
1239	72.560034
1240	72.619558
1241	72.679082
1242	72.738606
1243	72.798131
1244	72.857655
1245	72.917179
1246	72.976703
1247	73.036227
1248	73.095752
1249	73.155276
1250	73.214800
1251	73.274324
1252	73.333849
1253	73.393373
1254	73.452897
1255	73.512421
1256	73.571946
1257	73.631470
1258	73.690994
1259	73.750518
1260	73.810042
1261	73.869567
1262	73.929091
1263	73.988615
1264	74.048139
1265	74.107664
1266	74.167188
1267	74.226712
1268	74.286236
1269	74.345760
1270	74.405285
1271	74.464809
1272	74.524333
1273	74.583857
1274	74.643382
1275	74.702906
1276	74.762430
1277	74.821954
1278	74.881479
1279	74.941003
1280	75.000527
1281	75.060051
1282	75.119575
1283	75.179100
1284	75.238624
1285	75.298148
1286	75.357672
1287	75.417197
1288	75.476721
1289	75.536245
1290	75.595769
1291	75.655293
1292	75.714818
1293	75.774342
1294	75.833866
1295	75.893390
1296	75.952915
1297	76.012439
1298	76.071963
1299	76.131487
1300	76.191012
1301	76.250536
1302	76.310060
1303	76.369584
1304	76.429108
1305	76.488633
1306	76.548157
1307	76.607681
1308	76.667205
1309	76.726730
1310	76.786254
1311	76.845778
1312	76.905302
1313	76.964827
1314	77.024351
1315	77.083875
1316	77.143399
1317	77.202923
1318	77.262448
1319	77.321972
1320	77.381496
1321	77.441020
1322	77.500545
1323	77.560069
1324	77.619593
1325	77.679117
1326	77.738641
1327	77.798166
1328	77.857690
1329	77.917214
1330	77.976738
1331	78.036263
1332	78.095787
1333	78.155311
1334	78.214835
1335	78.274360
1336	78.333884
1337	78.393408
1338	78.452932
1339	78.512456
1340	78.571981
1341	78.631505
1342	78.691029
1343	78.750553
1344	78.810078
1345	78.869602
1346	78.929126
1347	78.988650
1348	79.048174
1349	79.107699
1350	79.167223
1351	79.226747
1352	79.286271
1353	79.345796
1354	79.405320
1355	79.464844
1356	79.524368
1357	79.583893
1358	79.643417
1359	79.702941
1360	79.762465
1361	79.821989
1362	79.881514
1363	79.941038
1364	80.000562
1365	80.060086
1366	80.119611
1367	80.179135
1368	80.238659
1369	80.298183
1370	80.357707
1371	80.417232
1372	80.476756
1373	80.536280
1374	80.595804
1375	80.655329
1376	80.714853
1377	80.774377
1378	80.833901
1379	80.893426
1380	80.952950
1381	81.012474
1382	81.071998
1383	81.131522
1384	81.191047
1385	81.250571
1386	81.310095
1387	81.369619
1388	81.429144
1389	81.488668
1390	81.548192
1391	81.607716
1392	81.667240
1393	81.726765
1394	81.786289
1395	81.845813
1396	81.905337
1397	81.964862
1398	82.024386
1399	82.083910
1400	82.143434
1401	82.202959
1402	82.262483
1403	82.322007
1404	82.381531
1405	82.441055
1406	82.500580
1407	82.560104
1408	82.619628
1409	82.679152
1410	82.738677
1411	82.798201
1412	82.857725
1413	82.917249
1414	82.976774
1415	83.036298
1416	83.095822
1417	83.155346
1418	83.214870
1419	83.274395
1420	83.333919
1421	83.393443
1422	83.452967
1423	83.512492
1424	83.572016
1425	83.631540
1426	83.691064
1427	83.750588
1428	83.810113
1429	83.869637
1430	83.929161
1431	83.988685
1432	84.048210
1433	84.107734
1434	84.167258
1435	84.226782
1436	84.286307
1437	84.345831
1438	84.405355
1439	84.464879
1440	84.524403
1441	84.583928
1442	84.643452
1443	84.702976
1444	84.762500
1445	84.822025
1446	84.881549
1447	84.941073
1448	85.000597
1449	85.060121
1450	85.119646
1451	85.179170
1452	85.238694
1453	85.298218
1454	85.357743
1455	85.417267
1456	85.476791
1457	85.536315
1458	85.595840
1459	85.655364
1460	85.714888
1461	85.774412
1462	85.833936
1463	85.893461
1464	85.952985
1465	86.012509
1466	86.072033
1467	86.131558
1468	86.191082
1469	86.250606
1470	86.310130
1471	86.369654
1472	86.429179
1473	86.488703
1474	86.548227
1475	86.607751
1476	86.667276
1477	86.726800
1478	86.786324
1479	86.845848
1480	86.905373
1481	86.964897
1482	87.024421
1483	87.083945
1484	87.143469
1485	87.202994
1486	87.262518
1487	87.322042
1488	87.381566
1489	87.441091
1490	87.500615
1491	87.560139
1492	87.619663
1493	87.679188
1494	87.738712
1495	87.798236
1496	87.857760
1497	87.917284
1498	87.976809
1499	88.036333
1500	88.095857
1501	88.155381
1502	88.214906
1503	88.274430
1504	88.333954
1505	88.393478
1506	88.453002
1507	88.512527
1508	88.572051
1509	88.631575
1510	88.691099
1511	88.750624
1512	88.810148
1513	88.869672
1514	88.929196
1515	88.988721
1516	89.048245
1517	89.107769
1518	89.167293
1519	89.226817
1520	89.286342
1521	89.345866
1522	89.405390
1523	89.464914
1524	89.524439
1525	89.583963
1526	89.643487
1527	89.703011
1528	89.762535
1529	89.822060
1530	89.881584
1531	89.941108
1532	90.000632
1533	90.060157
1534	90.119681
1535	90.179205
1536	90.238729
1537	90.298254
1538	90.357778
1539	90.417302
1540	90.476826
1541	90.536350
1542	90.595875
1543	90.655399
1544	90.714923
1545	90.774447
1546	90.833972
1547	90.893496
1548	90.953020
1549	91.012544
1550	91.072068
1551	91.131593
1552	91.191117
1553	91.250641
1554	91.310165
1555	91.369690
1556	91.429214
1557	91.488738
1558	91.548262
1559	91.607787
1560	91.667311
1561	91.726835
1562	91.786359
1563	91.845883
1564	91.905408
1565	91.964932
1566	92.024456
1567	92.083980
1568	92.143505
1569	92.203029
1570	92.262553
1571	92.322077
1572	92.381601
1573	92.441126
1574	92.500650
1575	92.560174
1576	92.619698
1577	92.679223
1578	92.738747
1579	92.798271
1580	92.857795
1581	92.917320
1582	92.976844
1583	93.036368
1584	93.095892
1585	93.155416
1586	93.214941
1587	93.274465
1588	93.333989
1589	93.393513
1590	93.453038
1591	93.512562
1592	93.572086
1593	93.631610
1594	93.691135
1595	93.750659
1596	93.810183
1597	93.869707
1598	93.929231
1599	93.988756
1600	94.048280
1601	94.107804
1602	94.167328
1603	94.226853
1604	94.286377
1605	94.345901
1606	94.405425
1607	94.464949
1608	94.524474
1609	94.583998
1610	94.643522
1611	94.703046
1612	94.762571
1613	94.822095
1614	94.881619
1615	94.941143
1616	95.000668
1617	95.060192
1618	95.119716
1619	95.179240
1620	95.238764
1621	95.298289
1622	95.357813
1623	95.417337
1624	95.476861
1625	95.536386
1626	95.595910
1627	95.655434
1628	95.714958
1629	95.774482
1630	95.834007
1631	95.893531
1632	95.953055
1633	96.012579
1634	96.072104
1635	96.131628
1636	96.191152
1637	96.250676
1638	96.310201
1639	96.369725
1640	96.429249
1641	96.488773
1642	96.548297
1643	96.607822
1644	96.667346
1645	96.726870
1646	96.786394
1647	96.845919
1648	96.905443
1649	96.964967
1650	97.024491
1651	97.084015
1652	97.143540
1653	97.203064
1654	97.262588
1655	97.322112
1656	97.381637
1657	97.441161
1658	97.500685
1659	97.560209
1660	97.619734
1661	97.679258
1662	97.738782
1663	97.798306
1664	97.857830
1665	97.917355
1666	97.976879
1667	98.036403
1668	98.095927
1669	98.155452
1670	98.214976
1671	98.274500
1672	98.334024
1673	98.393549
1674	98.453073
1675	98.512597
1676	98.572121
1677	98.631645
1678	98.691170
1679	98.750694
1680	98.810218
1681	98.869742
1682	98.929267
1683	98.988791
1684	99.048315
1685	99.107839
1686	99.167363
1687	99.226888
1688	99.286412
1689	99.345936
1690	99.405460
1691	99.464985
1692	99.524509
1693	99.584033
1694	99.643557
1695	99.703082
1696	99.762606
1697	99.822130
1698	99.881654
1699	99.941178
1700	100.000703
1701	100.060227
1702	100.119751
1703	100.179275
1704	100.238800
1705	100.298324
1706	100.357848
1707	100.417372
1708	100.476896
1709	100.536421
1710	100.595945
1711	100.655469
1712	100.714993
1713	100.774518
1714	100.834042
1715	100.893566
1716	100.953090
1717	101.012615
1718	101.072139
1719	101.131663
1720	101.191187
1721	101.250711
1722	101.310236
1723	101.369760
1724	101.429284
1725	101.488808
1726	101.548333
1727	101.607857
1728	101.667381
1729	101.726905
1730	101.786429
1731	101.845954
1732	101.905478
1733	101.965002
1734	102.024526
1735	102.084051
1736	102.143575
1737	102.203099
1738	102.262623
1739	102.322148
1740	102.381672
1741	102.441196
1742	102.500720
1743	102.560244
1744	102.619769
1745	102.679293
1746	102.738817
1747	102.798341
1748	102.857866
1749	102.917390
1750	102.976914
1751	103.036438
1752	103.095962
1753	103.155487
1754	103.215011
1755	103.274535
1756	103.334059
1757	103.393584
1758	103.453108
1759	103.512632
1760	103.572156
1761	103.631681
1762	103.691205
1763	103.750729
1764	103.810253
1765	103.869777
1766	103.929302
1767	103.988826
1768	104.048350
1769	104.107874
1770	104.167399
1771	104.226923
1772	104.286447
1773	104.345971
1774	104.405496
1775	104.465020
1776	104.524544
1777	104.584068
1778	104.643592
1779	104.703117
1780	104.762641
1781	104.822165
1782	104.881689
1783	104.941214
1784	105.000738
1785	105.060262
1786	105.119786
1787	105.179310
1788	105.238835
1789	105.298359
1790	105.357883
1791	105.417407
1792	105.476932
1793	105.536456
1794	105.595980
1795	105.655504
1796	105.715029
1797	105.774553
1798	105.834077
1799	105.893601
1800	105.953125
1801	106.012650
1802	106.072174
1803	106.131698
1804	106.191222
1805	106.250747
1806	106.310271
1807	106.369795
1808	106.429319
1809	106.488843
1810	106.548368
1811	106.607892
1812	106.667416
1813	106.726940
1814	106.786465
1815	106.845989
1816	106.905513
1817	106.965037
1818	107.024562
1819	107.084086
1820	107.143610
1821	107.203134
1822	107.262658
1823	107.322183
1824	107.381707
1825	107.441231
1826	107.500755
1827	107.560280
1828	107.619804
1829	107.679328
1830	107.738852
1831	107.798376
1832	107.857901
1833	107.917425
1834	107.976949
1835	108.036473
1836	108.095998
1837	108.155522
1838	108.215046
1839	108.274570
1840	108.334095
1841	108.393619
1842	108.453143
1843	108.512667
1844	108.572191
1845	108.631716
1846	108.691240
1847	108.750764
1848	108.810288
1849	108.869813
1850	108.929337
1851	108.988861
1852	109.048385
1853	109.107909
1854	109.167434
1855	109.226958
1856	109.286482
1857	109.346006
1858	109.405531
1859	109.465055
1860	109.524579
1861	109.584103
1862	109.643628
1863	109.703152
1864	109.762676
1865	109.822200
1866	109.881724
1867	109.941249
1868	110.000773
1869	110.060297
1870	110.119821
1871	110.179346
1872	110.238870
1873	110.298394
1874	110.357918
1875	110.417443
1876	110.476967
1877	110.536491
1878	110.596015
1879	110.655539
1880	110.715064
1881	110.774588
1882	110.834112
1883	110.893636
1884	110.953161
1885	111.012685
1886	111.072209
1887	111.131733
1888	111.191257
1889	111.250782
1890	111.310306
1891	111.369830
1892	111.429354
1893	111.488879
1894	111.548403
1895	111.607927
1896	111.667451
1897	111.726976
1898	111.786500
1899	111.846024
1900	111.905548
1901	111.965072
1902	112.024597
1903	112.084121
1904	112.143645
1905	112.203169
1906	112.262694
1907	112.322218
1908	112.381742
1909	112.441266
1910	112.500790
1911	112.560315
1912	112.619839
1913	112.679363
1914	112.738887
1915	112.798412
1916	112.857936
1917	112.917460
1918	112.976984
1919	113.036509
1920	113.096033
1921	113.155557
1922	113.215081
1923	113.274605
1924	113.334130
1925	113.393654
1926	113.453178
1927	113.512702
1928	113.572227
1929	113.631751
1930	113.691275
1931	113.750799
1932	113.810323
1933	113.869848
1934	113.929372
1935	113.988896
1936	114.048420
1937	114.107945
1938	114.167469
1939	114.226993
1940	114.286517
1941	114.346042
1942	114.405566
1943	114.465090
1944	114.524614
1945	114.584138
1946	114.643663
1947	114.703187
1948	114.762711
1949	114.822235
1950	114.881760
1951	114.941284
1952	115.000808
1953	115.060332
1954	115.119857
1955	115.179381
1956	115.238905
1957	115.298429
1958	115.357953
1959	115.417478
1960	115.477002
1961	115.536526
1962	115.596050
1963	115.655575
1964	115.715099
1965	115.774623
1966	115.834147
1967	115.893671
1968	115.953196
1969	116.012720
1970	116.072244
1971	116.131768
1972	116.191293
1973	116.250817
1974	116.310341
1975	116.369865
1976	116.429390
1977	116.488914
1978	116.548438
1979	116.607962
1980	116.667486
1981	116.727011
1982	116.786535
1983	116.846059
1984	116.905583
1985	116.965108
1986	117.024632
1987	117.084156
1988	117.143680
1989	117.203204
1990	117.262729
1991	117.322253
1992	117.381777
1993	117.441301
1994	117.500826
1995	117.560350
1996	117.619874
1997	117.679398
1998	117.738923
1999	117.798447
2000	117.857971
2001	117.917495
2002	117.977019
2003	118.036544
2004	118.096068
2005	118.155592
2006	118.215116
2007	118.274641
2008	118.334165
2009	118.393689
2010	118.453213
2011	118.512737
2012	118.572262
2013	118.631786
2014	118.691310
2015	118.750834
2016	118.810359
2017	118.869883
2018	118.929407
2019	118.988931
2020	119.048456
2021	119.107980
2022	119.167504
2023	119.227028
2024	119.286552
2025	119.346077
2026	119.405601
2027	119.465125
2028	119.524649
2029	119.584174
2030	119.643698
2031	119.703222
2032	119.762746
2033	119.822270
2034	119.881795
2035	119.941319
2036	120.000843
2037	120.060367
2038	120.119892
2039	120.179416
2040	120.238940
2041	120.298464
2042	120.357989
2043	120.417513
2044	120.477037
2045	120.536561
2046	120.596085
2047	120.655610
