0	-1.176260
1	-1.117447
2	-1.058634
3	-0.999821
4	-0.941008
5	-0.882195
6	-0.823382
7	-0.764569
8	-0.705756
9	-0.646943
10	-0.588130
11	-0.529317
12	-0.470504
13	-0.411691
14	-0.352878
15	-0.294065
16	-0.235252
17	-0.176439
18	-0.117626
19	-0.058813
20	0.000000
21	0.058813
22	0.117626
23	0.176439
24	0.235252
25	0.294065
26	0.352878
27	0.411691
28	0.470504
29	0.529317
30	0.588130
31	0.646943
32	0.705756
33	0.764569
34	0.823382
35	0.882195
36	0.941008
37	0.999821
38	1.058634
39	1.117447
40	1.176260
41	1.235073
42	1.293886
43	1.352699
44	1.411512
45	1.470325
46	1.529138
47	1.587951
48	1.646764
49	1.705577
50	1.764390
51	1.823203
52	1.882016
53	1.940829
54	1.999642
55	2.058455
56	2.117268
57	2.176081
58	2.234894
59	2.293707
60	2.352520
61	2.411333
62	2.470146
63	2.528959
64	2.587772
65	2.646585
66	2.705398
67	2.764211
68	2.823024
69	2.881837
70	2.940650
71	2.999463
72	3.058276
73	3.117089
74	3.175902
75	3.234715
76	3.293528
77	3.352341
78	3.411154
79	3.469967
80	3.528780
81	3.587593
82	3.646406
83	3.705219
84	3.764032
85	3.822845
86	3.881658
87	3.940471
88	3.999284
89	4.058097
90	4.116910
91	4.175723
92	4.234536
93	4.293349
94	4.352162
95	4.410975
96	4.469788
97	4.528601
98	4.587414
99	4.646227
100	4.705040
101	4.763853
102	4.822666
103	4.881479
104	4.940292
105	4.999105
106	5.057918
107	5.116731
108	5.175544
109	5.234357
110	5.293170
111	5.351983
112	5.410796
113	5.469609
114	5.528422
115	5.587235
116	5.646048
117	5.704861
118	5.763674
119	5.822487
120	5.881300
121	5.940113
122	5.998926
123	6.057739
124	6.116552
125	6.175365
126	6.234178
127	6.292991
128	6.351804
129	6.410617
130	6.469430
131	6.528243
132	6.587056
133	6.645869
134	6.704682
135	6.763495
136	6.822308
137	6.881121
138	6.939934
139	6.998747
140	7.057560
141	7.116373
142	7.175186
143	7.233999
144	7.292812
145	7.351625
146	7.410438
147	7.469251
148	7.528064
149	7.586877
150	7.645690
151	7.704503
152	7.763316
153	7.822129
154	7.880942
155	7.939755
156	7.998568
157	8.057381
158	8.116194
159	8.175007
160	8.233821
161	8.292634
162	8.351447
163	8.410260
164	8.469073
165	8.527886
166	8.586699
167	8.645512
168	8.704325
169	8.763138
170	8.821951
171	8.880764
172	8.939577
173	8.998390
174	9.057203
175	9.116016
176	9.174829
177	9.233642
178	9.292455
179	9.351268
180	9.410081
181	9.468894
182	9.527707
183	9.586520
184	9.645333
185	9.704146
186	9.762959
187	9.821772
188	9.880585
189	9.939398
190	9.998211
191	10.057024
192	10.115837
193	10.174650
194	10.233463
195	10.292276
196	10.351089
197	10.409902
198	10.468715
199	10.527528
200	10.586341
201	10.645154
202	10.703967
203	10.762780
204	10.821593
205	10.880406
206	10.939219
207	10.998032
208	11.056845
209	11.115658
210	11.174471
211	11.233284
212	11.292097
213	11.350910
214	11.409723
215	11.468536
216	11.527349
217	11.586162
218	11.644975
219	11.703788
220	11.762601
221	11.821414
222	11.880227
223	11.939040
224	11.997853
225	12.056666
226	12.115479
227	12.174292
228	12.233105
229	12.291918
230	12.350731
231	12.409544
232	12.468357
233	12.527170
234	12.585983
235	12.644796
236	12.703609
237	12.762422
238	12.821235
239	12.880048
240	12.938861
241	12.997674
242	13.056487
243	13.115300
244	13.174113
245	13.232926
246	13.291739
247	13.350552
248	13.409365
249	13.468178
250	13.526991
251	13.585804
252	13.644617
253	13.703430
254	13.762243
255	13.821056
256	13.879869
257	13.938682
258	13.997495
259	14.056308
260	14.115121
261	14.173934
262	14.232747
263	14.291560
264	14.350373
265	14.409186
266	14.467999
267	14.526812
268	14.585625
269	14.644438
270	14.703251
271	14.762064
272	14.820877
273	14.879690
274	14.938503
275	14.997316
276	15.056129
277	15.114942
278	15.173755
279	15.232568
280	15.291381
281	15.350194
282	15.409007
283	15.467820
284	15.526633
285	15.585446
286	15.644259
287	15.703072
288	15.761885
289	15.820698
290	15.879511
291	15.938324
292	15.997137
293	16.055950
294	16.114763
295	16.173576
296	16.232389
297	16.291202
298	16.350015
299	16.408828
300	16.467641
301	16.526454
302	16.585267
303	16.644080
304	16.702893
305	16.761706
306	16.820519
307	16.879332
308	16.938145
309	16.996958
310	17.055771
311	17.114584
312	17.173397
313	17.232210
314	17.291023
315	17.349836
316	17.408649
317	17.467462
318	17.526275
319	17.585088
320	17.643901
321	17.702714
322	17.761527
323	17.820340
324	17.879153
325	17.937966
326	17.996779
327	18.055592
328	18.114405
329	18.173218
330	18.232031
331	18.290844
332	18.349657
333	18.408470
334	18.467283
335	18.526096
336	18.584909
337	18.643722
338	18.702535
339	18.761348
340	18.820161
341	18.878974
342	18.937787
343	18.996600
344	19.055413
345	19.114226
346	19.173039
347	19.231852
348	19.290665
349	19.349478
350	19.408291
351	19.467104
352	19.525917
353	19.584730
354	19.643543
355	19.702356
356	19.761169
357	19.819982
358	19.878795
359	19.937608
360	19.996421
361	20.055234
362	20.114047
363	20.172860
364	20.231673
365	20.290486
366	20.349299
367	20.408112
368	20.466925
369	20.525738
370	20.584551
371	20.643364
372	20.702177
373	20.760990
374	20.819803
375	20.878616
376	20.937429
377	20.996242
378	21.055055
379	21.113868
380	21.172681
381	21.231494
382	21.290307
383	21.349120
384	21.407933
385	21.466746
386	21.525559
387	21.584372
388	21.643185
389	21.701998
390	21.760811
391	21.819624
392	21.878437
393	21.937250
394	21.996063
395	22.054876
396	22.113689
397	22.172502
398	22.231315
399	22.290128
400	22.348941
401	22.407754
402	22.466567
403	22.525380
404	22.584193
405	22.643006
406	22.701819
407	22.760632
408	22.819445
409	22.878258
410	22.937071
411	22.995884
412	23.054697
413	23.113510
414	23.172323
415	23.231136
416	23.289949
417	23.348762
418	23.407575
419	23.466388
420	23.525201
421	23.584014
422	23.642827
423	23.701640
424	23.760453
425	23.819266
426	23.878079
427	23.936892
428	23.995705
429	24.054518
430	24.113331
431	24.172144
432	24.230957
433	24.289770
434	24.348583
435	24.407396
436	24.466209
437	24.525022
438	24.583835
439	24.642648
440	24.701461
441	24.760274
442	24.819087
443	24.877900
444	24.936713
445	24.995526
446	25.054339
447	25.113152
448	25.171965
449	25.230778
450	25.289591
451	25.348404
452	25.407217
453	25.466030
454	25.524843
455	25.583656
456	25.642469
457	25.701282
458	25.760095
459	25.818908
460	25.877721
461	25.936534
462	25.995347
463	26.054160
464	26.112973
465	26.171786
466	26.230599
467	26.289412
468	26.348225
469	26.407038
470	26.465851
471	26.524664
472	26.583477
473	26.642290
474	26.701103
475	26.759916
476	26.818729
477	26.877542
478	26.936355
479	26.995168
480	27.053981
481	27.112794
482	27.171608
483	27.230421
484	27.289234
485	27.348047
486	27.406860
487	27.465673
488	27.524486
489	27.583299
490	27.642112
491	27.700925
492	27.759738
493	27.818551
494	27.877364
495	27.936177
496	27.994990
497	28.053803
498	28.112616
499	28.171429
500	28.230242
501	28.289055
502	28.347868
503	28.406681
504	28.465494
505	28.524307
506	28.583120
507	28.641933
508	28.700746
509	28.759559
510	28.818372
511	28.877185
512	28.935998
513	28.994811
514	29.053624
515	29.112437
516	29.171250
517	29.230063
518	29.288876
519	29.347689
520	29.406502
521	29.465315
522	29.524128
523	29.582941
524	29.641754
525	29.700567
526	29.759380
527	29.818193
528	29.877006
529	29.935819
530	29.994632
531	30.053445
532	30.112258
533	30.171071
534	30.229884
535	30.288697
536	30.347510
537	30.406323
538	30.465136
539	30.523949
540	30.582762
541	30.641575
542	30.700388
543	30.759201
544	30.818014
545	30.876827
546	30.935640
547	30.994453
548	31.053266
549	31.112079
550	31.170892
551	31.229705
552	31.288518
553	31.347331
554	31.406144
555	31.464957
556	31.523770
557	31.582583
558	31.641396
559	31.700209
560	31.759022
561	31.817835
562	31.876648
563	31.935461
564	31.994274
565	32.053087
566	32.111900
567	32.170713
568	32.229526
569	32.288339
570	32.347152
571	32.405965
572	32.464778
573	32.523591
574	32.582404
575	32.641217
576	32.700030
577	32.758843
578	32.817656
579	32.876469
580	32.935282
581	32.994095
582	33.052908
583	33.111721
584	33.170534
585	33.229347
586	33.288160
587	33.346973
588	33.405786
589	33.464599
590	33.523412
591	33.582225
592	33.641038
593	33.699851
594	33.758664
595	33.817477
596	33.876290
597	33.935103
598	33.993916
599	34.052729
600	34.111542
601	34.170355
602	34.229168
603	34.287981
604	34.346794
605	34.405607
606	34.464420
607	34.523233
608	34.582046
609	34.640859
610	34.699672
611	34.758485
612	34.817298
613	34.876111
614	34.934924
615	34.993737
616	35.052550
617	35.111363
618	35.170176
619	35.228989
620	35.287802
621	35.346615
622	35.405428
623	35.464241
624	35.523054
625	35.581867
626	35.640680
627	35.699493
628	35.758306
629	35.817119
630	35.875932
631	35.934745
632	35.993558
633	36.052371
634	36.111184
635	36.169997
636	36.228810
637	36.287623
638	36.346436
639	36.405249
640	36.464062
641	36.522875
642	36.581688
643	36.640501
644	36.699314
645	36.758127
646	36.816940
647	36.875753
648	36.934566
649	36.993379
650	37.052192
651	37.111005
652	37.169818
653	37.228631
654	37.287444
655	37.346257
656	37.405070
657	37.463883
658	37.522696
659	37.581509
660	37.640322
661	37.699135
662	37.757948
663	37.816761
664	37.875574
665	37.934387
666	37.993200
667	38.052013
668	38.110826
669	38.169639
670	38.228452
671	38.287265
672	38.346078
673	38.404891
674	38.463704
675	38.522517
676	38.581330
677	38.640143
678	38.698956
679	38.757769
680	38.816582
681	38.875395
682	38.934208
683	38.993021
684	39.051834
685	39.110647
686	39.169460
687	39.228273
688	39.287086
689	39.345899
690	39.404712
691	39.463525
692	39.522338
693	39.581151
694	39.639964
695	39.698777
696	39.757590
697	39.816403
698	39.875216
699	39.934029
700	39.992842
701	40.051655
702	40.110468
703	40.169281
704	40.228094
705	40.286907
706	40.345720
707	40.404533
708	40.463346
709	40.522159
710	40.580972
711	40.639785
712	40.698598
713	40.757411
714	40.816224
715	40.875037
716	40.933850
717	40.992663
718	41.051476
719	41.110289
720	41.169102
721	41.227915
722	41.286728
723	41.345541
724	41.404354
725	41.463167
726	41.521980
727	41.580793
728	41.639606
729	41.698419
730	41.757232
731	41.816045
732	41.874858
733	41.933671
734	41.992484
735	42.051297
736	42.110110
737	42.168923
738	42.227736
739	42.286549
740	42.345362
741	42.404175
742	42.462988
743	42.521801
744	42.580614
745	42.639427
746	42.698240
747	42.757053
748	42.815866
749	42.874679
750	42.933492
751	42.992305
752	43.051118
753	43.109931
754	43.168744
755	43.227557
756	43.286370
757	43.345183
758	43.403996
759	43.462809
760	43.521622
761	43.580435
762	43.639248
763	43.698061
764	43.756874
765	43.815687
766	43.874500
767	43.933313
768	43.992126
769	44.050939
770	44.109752
771	44.168565
772	44.227378
773	44.286191
774	44.345004
775	44.403817
776	44.462630
777	44.521443
778	44.580256
779	44.639069
780	44.697882
781	44.756695
782	44.815508
783	44.874321
784	44.933134
785	44.991947
786	45.050760
787	45.109573
788	45.168386
789	45.227199
790	45.286012
791	45.344825
792	45.403638
793	45.462451
794	45.521264
795	45.580077
796	45.638890
797	45.697703
798	45.756516
799	45.815329
800	45.874142
801	45.932955
802	45.991768
803	46.050582
804	46.109395
805	46.168208
806	46.227021
807	46.285834
808	46.344647
809	46.403460
810	46.462273
811	46.521086
812	46.579899
813	46.638712
814	46.697525
815	46.756338
816	46.815151
817	46.873964
818	46.932777
819	46.991590
820	47.050403
821	47.109216
822	47.168029
823	47.226842
824	47.285655
825	47.344468
826	47.403281
827	47.462094
828	47.520907
829	47.579720
830	47.638533
831	47.697346
832	47.756159
833	47.814972
834	47.873785
835	47.932598
836	47.991411
837	48.050224
838	48.109037
839	48.167850
840	48.226663
841	48.285476
842	48.344289
843	48.403102
844	48.461915
845	48.520728
846	48.579541
847	48.638354
848	48.697167
849	48.755980
850	48.814793
851	48.873606
852	48.932419
853	48.991232
854	49.050045
855	49.108858
856	49.167671
857	49.226484
858	49.285297
859	49.344110
860	49.402923
861	49.461736
862	49.520549
863	49.579362
864	49.638175
865	49.696988
866	49.755801
867	49.814614
868	49.873427
869	49.932240
870	49.991053
871	50.049866
872	50.108679
873	50.167492
874	50.226305
875	50.285118
876	50.343931
877	50.402744
878	50.461557
879	50.520370
880	50.579183
881	50.637996
882	50.696809
883	50.755622
884	50.814435
885	50.873248
886	50.932061
887	50.990874
888	51.049687
889	51.108500
890	51.167313
891	51.226126
892	51.284939
893	51.343752
894	51.402565
895	51.461378
896	51.520191
897	51.579004
898	51.637817
899	51.696630
900	51.755443
901	51.814256
902	51.873069
903	51.931882
904	51.990695
905	52.049508
906	52.108321
907	52.167134
908	52.225947
909	52.284760
910	52.343573
911	52.402386
912	52.461199
913	52.520012
914	52.578825
915	52.637638
916	52.696451
917	52.755264
918	52.814077
919	52.872890
920	52.931703
921	52.990516
922	53.049329
923	53.108142
924	53.166955
925	53.225768
926	53.284581
927	53.343394
928	53.402207
929	53.461020
930	53.519833
931	53.578646
932	53.637459
933	53.696272
934	53.755085
935	53.813898
936	53.872711
937	53.931524
938	53.990337
939	54.049150
940	54.107963
941	54.166776
942	54.225589
943	54.284402
944	54.343215
945	54.402028
946	54.460841
947	54.519654
948	54.578467
949	54.637280
950	54.696093
951	54.754906
952	54.813719
953	54.872532
954	54.931345
955	54.990158
956	55.048971
957	55.107784
958	55.166597
959	55.225410
960	55.284223
961	55.343036
962	55.401849
963	55.460662
964	55.519475
965	55.578288
966	55.637101
967	55.695914
968	55.754727
969	55.813540
970	55.872353
971	55.931166
972	55.989979
973	56.048792
974	56.107605
975	56.166418
976	56.225231
977	56.284044
978	56.342857
979	56.401670
980	56.460483
981	56.519296
982	56.578109
983	56.636922
984	56.695735
985	56.754548
986	56.813361
987	56.872174
988	56.930987
989	56.989800
990	57.048613
991	57.107426
992	57.166239
993	57.225052
994	57.283865
995	57.342678
996	57.401491
997	57.460304
998	57.519117
999	57.577930
1000	57.636743
1001	57.695556
1002	57.754369
1003	57.813182
1004	57.871995
1005	57.930808
1006	57.989621
1007	58.048434
1008	58.107247
1009	58.166060
1010	58.224873
1011	58.283686
1012	58.342499
1013	58.401312
1014	58.460125
1015	58.518938
1016	58.577751
1017	58.636564
1018	58.695377
1019	58.754190
1020	58.813003
1021	58.871816
1022	58.930629
1023	58.989442
1024	59.048255
1025	59.107068
1026	59.165881
1027	59.224694
1028	59.283507
1029	59.342320
1030	59.401133
1031	59.459946
1032	59.518759
1033	59.577572
1034	59.636385
1035	59.695198
1036	59.754011
1037	59.812824
1038	59.871637
1039	59.930450
1040	59.989263
1041	60.048076
1042	60.106889
1043	60.165702
1044	60.224515
1045	60.283328
1046	60.342141
1047	60.400954
1048	60.459767
1049	60.518580
1050	60.577393
1051	60.636206
1052	60.695019
1053	60.753832
1054	60.812645
1055	60.871458
1056	60.930271
1057	60.989084
1058	61.047897
1059	61.106710
1060	61.165523
1061	61.224336
1062	61.283149
1063	61.341962
1064	61.400775
1065	61.459588
1066	61.518401
1067	61.577214
1068	61.636027
1069	61.694840
1070	61.753653
1071	61.812466
1072	61.871279
1073	61.930092
1074	61.988905
1075	62.047718
1076	62.106531
1077	62.165344
1078	62.224157
1079	62.282970
1080	62.341783
1081	62.400596
1082	62.459409
1083	62.518222
1084	62.577035
1085	62.635848
1086	62.694661
1087	62.753474
1088	62.812287
1089	62.871100
1090	62.929913
1091	62.988726
1092	63.047539
1093	63.106352
1094	63.165165
1095	63.223978
1096	63.282791
1097	63.341604
1098	63.400417
1099	63.459230
1100	63.518043
1101	63.576856
1102	63.635669
1103	63.694482
1104	63.753295
1105	63.812108
1106	63.870921
1107	63.929734
1108	63.988547
1109	64.047360
1110	64.106173
1111	64.164986
1112	64.223799
1113	64.282612
1114	64.341425
1115	64.400238
1116	64.459051
1117	64.517864
1118	64.576677
1119	64.635490
1120	64.694303
1121	64.753116
1122	64.811929
1123	64.870742
1124	64.929555
1125	64.988369
1126	65.047182
1127	65.105995
1128	65.164808
1129	65.223621
1130	65.282434
1131	65.341247
1132	65.400060
1133	65.458873
1134	65.517686
1135	65.576499
1136	65.635312
1137	65.694125
1138	65.752938
1139	65.811751
1140	65.870564
1141	65.929377
1142	65.988190
1143	66.047003
1144	66.105816
1145	66.164629
1146	66.223442
1147	66.282255
1148	66.341068
1149	66.399881
1150	66.458694
1151	66.517507
1152	66.576320
1153	66.635133
1154	66.693946
1155	66.752759
1156	66.811572
1157	66.870385
1158	66.929198
1159	66.988011
1160	67.046824
1161	67.105637
1162	67.164450
1163	67.223263
1164	67.282076
1165	67.340889
1166	67.399702
1167	67.458515
1168	67.517328
1169	67.576141
1170	67.634954
1171	67.693767
1172	67.752580
1173	67.811393
1174	67.870206
1175	67.929019
1176	67.987832
1177	68.046645
1178	68.105458
1179	68.164271
1180	68.223084
1181	68.281897
1182	68.340710
1183	68.399523
1184	68.458336
1185	68.517149
1186	68.575962
1187	68.634775
1188	68.693588
1189	68.752401
1190	68.811214
1191	68.870027
1192	68.928840
1193	68.987653
1194	69.046466
1195	69.105279
1196	69.164092
1197	69.222905
1198	69.281718
1199	69.340531
1200	69.399344
1201	69.458157
1202	69.516970
1203	69.575783
1204	69.634596
1205	69.693409
1206	69.752222
1207	69.811035
1208	69.869848
1209	69.928661
1210	69.987474
1211	70.046287
1212	70.105100
1213	70.163913
1214	70.222726
1215	70.281539
1216	70.340352
1217	70.399165
1218	70.457978
1219	70.516791
1220	70.575604
1221	70.634417
1222	70.693230
1223	70.752043
1224	70.810856
1225	70.869669
1226	70.928482
1227	70.987295
1228	71.046108
1229	71.104921
1230	71.163734
1231	71.222547
1232	71.281360
1233	71.340173
1234	71.398986
1235	71.457799
1236	71.516612
1237	71.575425
1238	71.634238
1239	71.693051
1240	71.751864
1241	71.810677
1242	71.869490
1243	71.928303
1244	71.987116
1245	72.045929
1246	72.104742
1247	72.163555
1248	72.222368
1249	72.281181
1250	72.339994
1251	72.398807
1252	72.457620
1253	72.516433
1254	72.575246
1255	72.634059
1256	72.692872
1257	72.751685
1258	72.810498
1259	72.869311
1260	72.928124
1261	72.986937
1262	73.045750
1263	73.104563
1264	73.163376
1265	73.222189
1266	73.281002
1267	73.339815
1268	73.398628
1269	73.457441
1270	73.516254
1271	73.575067
1272	73.633880
1273	73.692693
1274	73.751506
1275	73.810319
1276	73.869132
1277	73.927945
1278	73.986758
1279	74.045571
1280	74.104384
1281	74.163197
1282	74.222010
1283	74.280823
1284	74.339636
1285	74.398449
1286	74.457262
1287	74.516075
1288	74.574888
1289	74.633701
1290	74.692514
1291	74.751327
1292	74.810140
1293	74.868953
1294	74.927766
1295	74.986579
1296	75.045392
1297	75.104205
1298	75.163018
1299	75.221831
1300	75.280644
1301	75.339457
1302	75.398270
1303	75.457083
1304	75.515896
1305	75.574709
1306	75.633522
1307	75.692335
1308	75.751148
1309	75.809961
1310	75.868774
1311	75.927587
1312	75.986400
1313	76.045213
1314	76.104026
1315	76.162839
1316	76.221652
1317	76.280465
1318	76.339278
1319	76.398091
1320	76.456904
1321	76.515717
1322	76.574530
1323	76.633343
1324	76.692156
1325	76.750969
1326	76.809782
1327	76.868595
1328	76.927408
1329	76.986221
1330	77.045034
1331	77.103847
1332	77.162660
1333	77.221473
1334	77.280286
1335	77.339099
1336	77.397912
1337	77.456725
1338	77.515538
1339	77.574351
1340	77.633164
1341	77.691977
1342	77.750790
1343	77.809603
1344	77.868416
1345	77.927229
1346	77.986042
1347	78.044855
1348	78.103668
1349	78.162481
1350	78.221294
1351	78.280107
1352	78.338920
1353	78.397733
1354	78.456546
1355	78.515359
1356	78.574172
1357	78.632985
1358	78.691798
1359	78.750611
1360	78.809424
1361	78.868237
1362	78.927050
1363	78.985863
1364	79.044676
1365	79.103489
1366	79.162302
1367	79.221115
1368	79.279928
1369	79.338741
1370	79.397554
1371	79.456367
1372	79.515180
1373	79.573993
1374	79.632806
1375	79.691619
1376	79.750432
1377	79.809245
1378	79.868058
1379	79.926871
1380	79.985684
1381	80.044497
1382	80.103310
1383	80.162123
1384	80.220936
1385	80.279749
1386	80.338562
1387	80.397375
1388	80.456188
1389	80.515001
1390	80.573814
1391	80.632627
1392	80.691440
1393	80.750253
1394	80.809066
1395	80.867879
1396	80.926692
1397	80.985505
1398	81.044318
1399	81.103131
1400	81.161944
1401	81.220757
1402	81.279570
1403	81.338383
1404	81.397196
1405	81.456009
1406	81.514822
1407	81.573635
1408	81.632448
1409	81.691261
1410	81.750074
1411	81.808887
1412	81.867700
1413	81.926513
1414	81.985326
1415	82.044139
1416	82.102952
1417	82.161765
1418	82.220578
1419	82.279391
1420	82.338204
1421	82.397017
1422	82.455830
1423	82.514643
1424	82.573456
1425	82.632269
1426	82.691082
1427	82.749895
1428	82.808708
1429	82.867521
1430	82.926334
1431	82.985147
1432	83.043960
1433	83.102773
1434	83.161586
1435	83.220399
1436	83.279212
1437	83.338025
1438	83.396838
1439	83.455651
1440	83.514464
1441	83.573277
1442	83.632090
1443	83.690903
1444	83.749716
1445	83.808529
1446	83.867343
1447	83.926156
1448	83.984969
1449	84.043782
1450	84.102595
1451	84.161408
1452	84.220221
1453	84.279034
1454	84.337847
1455	84.396660
1456	84.455473
1457	84.514286
1458	84.573099
1459	84.631912
1460	84.690725
1461	84.749538
1462	84.808351
1463	84.867164
1464	84.925977
1465	84.984790
1466	85.043603
1467	85.102416
1468	85.161229
1469	85.220042
1470	85.278855
1471	85.337668
1472	85.396481
1473	85.455294
1474	85.514107
1475	85.572920
1476	85.631733
1477	85.690546
1478	85.749359
1479	85.808172
1480	85.866985
1481	85.925798
1482	85.984611
1483	86.043424
1484	86.102237
1485	86.161050
1486	86.219863
1487	86.278676
1488	86.337489
1489	86.396302
1490	86.455115
1491	86.513928
1492	86.572741
1493	86.631554
1494	86.690367
1495	86.749180
1496	86.807993
1497	86.866806
1498	86.925619
1499	86.984432
1500	87.043245
1501	87.102058
1502	87.160871
1503	87.219684
1504	87.278497
1505	87.337310
1506	87.396123
1507	87.454936
1508	87.513749
1509	87.572562
1510	87.631375
1511	87.690188
1512	87.749001
1513	87.807814
1514	87.866627
1515	87.925440
1516	87.984253
1517	88.043066
1518	88.101879
1519	88.160692
1520	88.219505
1521	88.278318
1522	88.337131
1523	88.395944
1524	88.454757
1525	88.513570
1526	88.572383
1527	88.631196
1528	88.690009
1529	88.748822
1530	88.807635
1531	88.866448
1532	88.925261
1533	88.984074
1534	89.042887
1535	89.101700
1536	89.160513
1537	89.219326
1538	89.278139
1539	89.336952
1540	89.395765
1541	89.454578
1542	89.513391
1543	89.572204
1544	89.631017
1545	89.689830
1546	89.748643
1547	89.807456
1548	89.866269
1549	89.925082
1550	89.983895
1551	90.042708
1552	90.101521
1553	90.160334
1554	90.219147
1555	90.277960
1556	90.336773
1557	90.395586
1558	90.454399
1559	90.513212
1560	90.572025
1561	90.630838
1562	90.689651
1563	90.748464
1564	90.807277
1565	90.866090
1566	90.924903
1567	90.983716
1568	91.042529
1569	91.101342
1570	91.160155
1571	91.218968
1572	91.277781
1573	91.336594
1574	91.395407
1575	91.454220
1576	91.513033
1577	91.571846
1578	91.630659
1579	91.689472
1580	91.748285
1581	91.807098
1582	91.865911
1583	91.924724
1584	91.983537
1585	92.042350
1586	92.101163
1587	92.159976
1588	92.218789
1589	92.277602
1590	92.336415
1591	92.395228
1592	92.454041
1593	92.512854
1594	92.571667
1595	92.630480
1596	92.689293
1597	92.748106
1598	92.806919
1599	92.865732
1600	92.924545
1601	92.983358
1602	93.042171
1603	93.100984
1604	93.159797
1605	93.218610
1606	93.277423
1607	93.336236
1608	93.395049
1609	93.453862
1610	93.512675
1611	93.571488
1612	93.630301
1613	93.689114
1614	93.747927
1615	93.806740
1616	93.865553
1617	93.924366
1618	93.983179
1619	94.041992
1620	94.100805
1621	94.159618
1622	94.218431
1623	94.277244
1624	94.336057
1625	94.394870
1626	94.453683
1627	94.512496
1628	94.571309
1629	94.630122
1630	94.688935
1631	94.747748
1632	94.806561
1633	94.865374
1634	94.924187
1635	94.983000
1636	95.041813
1637	95.100626
1638	95.159439
1639	95.218252
1640	95.277065
1641	95.335878
1642	95.394691
1643	95.453504
1644	95.512317
1645	95.571130
1646	95.629943
1647	95.688756
1648	95.747569
1649	95.806382
1650	95.865195
1651	95.924008
1652	95.982821
1653	96.041634
1654	96.100447
1655	96.159260
1656	96.218073
1657	96.276886
1658	96.335699
1659	96.394512
1660	96.453325
1661	96.512138
1662	96.570951
1663	96.629764
1664	96.688577
1665	96.747390
1666	96.806203
1667	96.865016
1668	96.923829
1669	96.982642
1670	97.041455
1671	97.100268
1672	97.159081
1673	97.217894
1674	97.276707
1675	97.335520
1676	97.394333
1677	97.453146
1678	97.511959
1679	97.570772
1680	97.629585
1681	97.688398
1682	97.747211
1683	97.806024
1684	97.864837
1685	97.923650
1686	97.982463
1687	98.041276
1688	98.100089
1689	98.158902
1690	98.217715
1691	98.276528
1692	98.335341
1693	98.394154
1694	98.452967
1695	98.511780
1696	98.570593
1697	98.629406
1698	98.688219
1699	98.747032
1700	98.805845
1701	98.864658
1702	98.923471
1703	98.982284
1704	99.041097
1705	99.099910
1706	99.158723
1707	99.217536
1708	99.276349
1709	99.335162
1710	99.393975
1711	99.452788
1712	99.511601
1713	99.570414
1714	99.629227
1715	99.688040
1716	99.746853
1717	99.805666
1718	99.864479
1719	99.923292
1720	99.982105
1721	100.040918
1722	100.099731
1723	100.158544
1724	100.217357
1725	100.276170
1726	100.334983
1727	100.393796
1728	100.452609
1729	100.511422
1730	100.570235
1731	100.629048
1732	100.687861
1733	100.746674
1734	100.805487
1735	100.864300
1736	100.923113
1737	100.981926
1738	101.040739
1739	101.099552
1740	101.158365
1741	101.217178
1742	101.275991
1743	101.334804
1744	101.393617
1745	101.452430
1746	101.511243
1747	101.570056
1748	101.628869
1749	101.687682
1750	101.746495
1751	101.805308
1752	101.864121
1753	101.922934
1754	101.981747
1755	102.040560
1756	102.099373
1757	102.158186
1758	102.216999
1759	102.275812
1760	102.334625
1761	102.393438
1762	102.452251
1763	102.511064
1764	102.569877
1765	102.628690
1766	102.687503
1767	102.746316
1768	102.805130
1769	102.863943
1770	102.922756
1771	102.981569
1772	103.040382
1773	103.099195
1774	103.158008
1775	103.216821
1776	103.275634
1777	103.334447
1778	103.393260
1779	103.452073
1780	103.510886
1781	103.569699
1782	103.628512
1783	103.687325
1784	103.746138
1785	103.804951
1786	103.863764
1787	103.922577
1788	103.981390
1789	104.040203
1790	104.099016
1791	104.157829
1792	104.216642
1793	104.275455
1794	104.334268
1795	104.393081
1796	104.451894
1797	104.510707
1798	104.569520
1799	104.628333
1800	104.687146
1801	104.745959
1802	104.804772
1803	104.863585
1804	104.922398
1805	104.981211
1806	105.040024
1807	105.098837
1808	105.157650
1809	105.216463
1810	105.275276
1811	105.334089
1812	105.392902
1813	105.451715
1814	105.510528
1815	105.569341
1816	105.628154
1817	105.686967
1818	105.745780
1819	105.804593
1820	105.863406
1821	105.922219
1822	105.981032
1823	106.039845
1824	106.098658
1825	106.157471
1826	106.216284
1827	106.275097
1828	106.333910
1829	106.392723
1830	106.451536
1831	106.510349
1832	106.569162
1833	106.627975
1834	106.686788
1835	106.745601
1836	106.804414
1837	106.863227
1838	106.922040
1839	106.980853
1840	107.039666
1841	107.098479
1842	107.157292
1843	107.216105
1844	107.274918
1845	107.333731
1846	107.392544
1847	107.451357
1848	107.510170
1849	107.568983
1850	107.627796
1851	107.686609
1852	107.745422
1853	107.804235
1854	107.863048
1855	107.921861
1856	107.980674
1857	108.039487
1858	108.098300
1859	108.157113
1860	108.215926
1861	108.274739
1862	108.333552
1863	108.392365
1864	108.451178
1865	108.509991
1866	108.568804
1867	108.627617
1868	108.686430
1869	108.745243
1870	108.804056
1871	108.862869
1872	108.921682
1873	108.980495
1874	109.039308
1875	109.098121
1876	109.156934
1877	109.215747
1878	109.274560
1879	109.333373
1880	109.392186
1881	109.450999
1882	109.509812
1883	109.568625
1884	109.627438
1885	109.686251
1886	109.745064
1887	109.803877
1888	109.862690
1889	109.921503
1890	109.980316
1891	110.039129
1892	110.097942
1893	110.156755
1894	110.215568
1895	110.274381
1896	110.333194
1897	110.392007
1898	110.450820
1899	110.509633
1900	110.568446
1901	110.627259
1902	110.686072
1903	110.744885
1904	110.803698
1905	110.862511
1906	110.921324
1907	110.980137
1908	111.038950
1909	111.097763
1910	111.156576
1911	111.215389
1912	111.274202
1913	111.333015
1914	111.391828
1915	111.450641
1916	111.509454
1917	111.568267
1918	111.627080
1919	111.685893
1920	111.744706
1921	111.803519
1922	111.862332
1923	111.921145
1924	111.979958
1925	112.038771
1926	112.097584
1927	112.156397
1928	112.215210
1929	112.274023
1930	112.332836
1931	112.391649
1932	112.450462
1933	112.509275
1934	112.568088
1935	112.626901
1936	112.685714
1937	112.744527
1938	112.803340
1939	112.862153
1940	112.920966
1941	112.979779
1942	113.038592
1943	113.097405
1944	113.156218
1945	113.215031
1946	113.273844
1947	113.332657
1948	113.391470
1949	113.450283
1950	113.509096
1951	113.567909
1952	113.626722
1953	113.685535
1954	113.744348
1955	113.803161
1956	113.861974
1957	113.920787
1958	113.979600
1959	114.038413
1960	114.097226
1961	114.156039
1962	114.214852
1963	114.273665
1964	114.332478
1965	114.391291
1966	114.450104
1967	114.508917
1968	114.567730
1969	114.626543
1970	114.685356
1971	114.744169
1972	114.802982
1973	114.861795
1974	114.920608
1975	114.979421
1976	115.038234
1977	115.097047
1978	115.155860
1979	115.214673
1980	115.273486
1981	115.332299
1982	115.391112
1983	115.449925
1984	115.508738
1985	115.567551
1986	115.626364
1987	115.685177
1988	115.743990
1989	115.802803
1990	115.861616
1991	115.920429
1992	115.979242
1993	116.038055
1994	116.096868
1995	116.155681
1996	116.214494
1997	116.273307
1998	116.332120
1999	116.390933
2000	116.449746
2001	116.508559
2002	116.567372
2003	116.626185
2004	116.684998
2005	116.743811
2006	116.802624
2007	116.861437
2008	116.920250
2009	116.979063
2010	117.037876
2011	117.096689
2012	117.155502
2013	117.214315
2014	117.273128
2015	117.331941
2016	117.390754
2017	117.449567
2018	117.508380
2019	117.567193
2020	117.626006
2021	117.684819
2022	117.743632
2023	117.802445
2024	117.861258
2025	117.920071
2026	117.978884
2027	118.037697
2028	118.096510
2029	118.155323
2030	118.214136
2031	118.272949
2032	118.331762
2033	118.390575
2034	118.449388
2035	118.508201
2036	118.567014
2037	118.625827
2038	118.684640
2039	118.743453
2040	118.802266
2041	118.861079
2042	118.919892
2043	118.978705
2044	119.037518
2045	119.096331
2046	119.155144
2047	119.213957
