0	-1.176127
1	-1.117320
2	-1.058514
3	-0.999708
4	-0.940901
5	-0.882095
6	-0.823289
7	-0.764482
8	-0.705676
9	-0.646870
10	-0.588063
11	-0.529257
12	-0.470451
13	-0.411644
14	-0.352838
15	-0.294032
16	-0.235225
17	-0.176419
18	-0.117613
19	-0.058806
20	0.000000
21	0.058806
22	0.117613
23	0.176419
24	0.235226
25	0.294032
26	0.352838
27	0.411645
28	0.470451
29	0.529257
30	0.588064
31	0.646870
32	0.705676
33	0.764483
34	0.823289
35	0.882095
36	0.940902
37	0.999708
38	1.058514
39	1.117321
40	1.176127
41	1.234933
42	1.293740
43	1.352546
44	1.411352
45	1.470159
46	1.528965
47	1.587771
48	1.646578
49	1.705384
50	1.764190
51	1.822997
52	1.881803
53	1.940609
54	1.999416
55	2.058222
56	2.117029
57	2.175835
58	2.234641
59	2.293448
60	2.352254
61	2.411060
62	2.469867
63	2.528673
64	2.587479
65	2.646286
66	2.705092
67	2.763898
68	2.822705
69	2.881511
70	2.940317
71	2.999124
72	3.057930
73	3.116736
74	3.175543
75	3.234349
76	3.293155
77	3.351962
78	3.410768
79	3.469574
80	3.528381
81	3.587187
82	3.645993
83	3.704800
84	3.763606
85	3.822413
86	3.881219
87	3.940025
88	3.998832
89	4.057638
90	4.116444
91	4.175251
92	4.234057
93	4.292863
94	4.351670
95	4.410476
96	4.469282
97	4.528089
98	4.586895
99	4.645701
100	4.704508
101	4.763314
102	4.822120
103	4.880927
104	4.939733
105	4.998539
106	5.057346
107	5.116152
108	5.174958
109	5.233765
110	5.292571
111	5.351377
112	5.410184
113	5.468990
114	5.527797
115	5.586603
116	5.645409
117	5.704216
118	5.763022
119	5.821828
120	5.880635
121	5.939441
122	5.998247
123	6.057054
124	6.115860
125	6.174666
126	6.233473
127	6.292279
128	6.351085
129	6.409892
130	6.468698
131	6.527504
132	6.586311
133	6.645117
134	6.703923
135	6.762730
136	6.821536
137	6.880342
138	6.939149
139	6.997955
140	7.056761
141	7.115568
142	7.174374
143	7.233180
144	7.291987
145	7.350793
146	7.409600
147	7.468406
148	7.527212
149	7.586019
150	7.644825
151	7.703631
152	7.762438
153	7.821244
154	7.880050
155	7.938857
156	7.997663
157	8.056469
158	8.115276
159	8.174082
160	8.232888
161	8.291695
162	8.350501
163	8.409307
164	8.468114
165	8.526920
166	8.585726
167	8.644533
168	8.703339
169	8.762145
170	8.820952
171	8.879758
172	8.938564
173	8.997371
174	9.056177
175	9.114984
176	9.173790
177	9.232596
178	9.291403
179	9.350209
180	9.409015
181	9.467822
182	9.526628
183	9.585434
184	9.644241
185	9.703047
186	9.761853
187	9.820660
188	9.879466
189	9.938272
190	9.997079
191	10.055885
192	10.114691
193	10.173498
194	10.232304
195	10.291110
196	10.349917
197	10.408723
198	10.467529
199	10.526336
200	10.585142
201	10.643948
202	10.702755
203	10.761561
204	10.820368
205	10.879174
206	10.937980
207	10.996787
208	11.055593
209	11.114399
210	11.173206
211	11.232012
212	11.290818
213	11.349625
214	11.408431
215	11.467237
216	11.526044
217	11.584850
218	11.643656
219	11.702463
220	11.761269
221	11.820075
222	11.878882
223	11.937688
224	11.996494
225	12.055301
226	12.114107
227	12.172913
228	12.231720
229	12.290526
230	12.349332
231	12.408139
232	12.466945
233	12.525751
234	12.584558
235	12.643364
236	12.702171
237	12.760977
238	12.819783
239	12.878590
240	12.937396
241	12.996202
242	13.055009
243	13.113815
244	13.172621
245	13.231428
246	13.290234
247	13.349040
248	13.407847
249	13.466653
250	13.525459
251	13.584266
252	13.643072
253	13.701878
254	13.760685
255	13.819491
256	13.878297
257	13.937104
258	13.995910
259	14.054716
260	14.113523
261	14.172329
262	14.231135
263	14.289942
264	14.348748
265	14.407555
266	14.466361
267	14.525167
268	14.583974
269	14.642780
270	14.701586
271	14.760393
272	14.819199
273	14.878005
274	14.936812
275	14.995618
276	15.054424
277	15.113231
278	15.172037
279	15.230843
280	15.289650
281	15.348456
282	15.407262
283	15.466069
284	15.524875
285	15.583681
286	15.642488
287	15.701294
288	15.760100
289	15.818907
290	15.877713
291	15.936519
292	15.995326
293	16.054132
294	16.112939
295	16.171745
296	16.230551
297	16.289358
298	16.348164
299	16.406970
300	16.465777
301	16.524583
302	16.583389
303	16.642196
304	16.701002
305	16.759808
306	16.818615
307	16.877421
308	16.936227
309	16.995034
310	17.053840
311	17.112646
312	17.171453
313	17.230259
314	17.289065
315	17.347872
316	17.406678
317	17.465484
318	17.524291
319	17.583097
320	17.641903
321	17.700710
322	17.759516
323	17.818322
324	17.877129
325	17.935935
326	17.994742
327	18.053548
328	18.112354
329	18.171161
330	18.229967
331	18.288773
332	18.347580
333	18.406386
334	18.465192
335	18.523999
336	18.582805
337	18.641611
338	18.700418
339	18.759224
340	18.818030
341	18.876837
342	18.935643
343	18.994449
344	19.053256
345	19.112062
346	19.170868
347	19.229675
348	19.288481
349	19.347287
350	19.406094
351	19.464900
352	19.523706
353	19.582513
354	19.641319
355	19.700126
356	19.758932
357	19.817738
358	19.876545
359	19.935351
360	19.994157
361	20.052964
362	20.111770
363	20.170576
364	20.229383
365	20.288189
366	20.346995
367	20.405802
368	20.464608
369	20.523414
370	20.582221
371	20.641027
372	20.699833
373	20.758640
374	20.817446
375	20.876252
376	20.935059
377	20.993865
378	21.052671
379	21.111478
380	21.170284
381	21.229090
382	21.287897
383	21.346703
384	21.405509
385	21.464316
386	21.523122
387	21.581929
388	21.640735
389	21.699541
390	21.758348
391	21.817154
392	21.875960
393	21.934767
394	21.993573
395	22.052379
396	22.111186
397	22.169992
398	22.228798
399	22.287605
400	22.346411
401	22.405217
402	22.464024
403	22.522830
404	22.581636
405	22.640443
406	22.699249
407	22.758055
408	22.816862
409	22.875668
410	22.934474
411	22.993281
412	23.052087
413	23.110893
414	23.169700
415	23.228506
416	23.287313
417	23.346119
418	23.404925
419	23.463732
420	23.522538
421	23.581344
422	23.640151
423	23.698957
424	23.757763
425	23.816570
426	23.875376
427	23.934182
428	23.992989
429	24.051795
430	24.110601
431	24.169408
432	24.228214
433	24.287020
434	24.345827
435	24.404633
436	24.463439
437	24.522246
438	24.581052
439	24.639858
440	24.698665
441	24.757471
442	24.816277
443	24.875084
444	24.933890
445	24.992697
446	25.051503
447	25.110309
448	25.169116
449	25.227922
450	25.286728
451	25.345535
452	25.404341
453	25.463147
454	25.521954
455	25.580760
456	25.639566
457	25.698373
458	25.757179
459	25.815985
460	25.874792
461	25.933598
462	25.992404
463	26.051211
464	26.110017
465	26.168823
466	26.227630
467	26.286436
468	26.345242
469	26.404049
470	26.462855
471	26.521661
472	26.580468
473	26.639274
474	26.698080
475	26.756887
476	26.815693
477	26.874500
478	26.933306
479	26.992112
480	27.050919
481	27.109725
482	27.168531
483	27.227338
484	27.286144
485	27.344950
486	27.403757
487	27.462563
488	27.521369
489	27.580176
490	27.638982
491	27.697788
492	27.756595
493	27.815401
494	27.874207
495	27.933014
496	27.991820
497	28.050626
498	28.109433
499	28.168239
500	28.227045
501	28.285852
502	28.344658
503	28.403464
504	28.462271
505	28.521077
506	28.579884
507	28.638690
508	28.697496
509	28.756303
510	28.815109
511	28.873915
512	28.932722
513	28.991528
514	29.050334
515	29.109141
516	29.167947
517	29.226753
518	29.285560
519	29.344366
520	29.403172
521	29.461979
522	29.520785
523	29.579591
524	29.638398
525	29.697204
526	29.756010
527	29.814817
528	29.873623
529	29.932429
530	29.991236
531	30.050042
532	30.108848
533	30.167655
534	30.226461
535	30.285268
536	30.344074
537	30.402880
538	30.461687
539	30.520493
540	30.579299
541	30.638106
542	30.696912
543	30.755718
544	30.814525
545	30.873331
546	30.932137
547	30.990944
548	31.049750
549	31.108556
550	31.167363
551	31.226169
552	31.284975
553	31.343782
554	31.402588
555	31.461394
556	31.520201
557	31.579007
558	31.637813
559	31.696620
560	31.755426
561	31.814232
562	31.873039
563	31.931845
564	31.990651
565	32.049458
566	32.108264
567	32.167071
568	32.225877
569	32.284683
570	32.343490
571	32.402296
572	32.461102
573	32.519909
574	32.578715
575	32.637521
576	32.696328
577	32.755134
578	32.813940
579	32.872747
580	32.931553
581	32.990359
582	33.049166
583	33.107972
584	33.166778
585	33.225585
586	33.284391
587	33.343197
588	33.402004
589	33.460810
590	33.519616
591	33.578423
592	33.637229
593	33.696035
594	33.754842
595	33.813648
596	33.872455
597	33.931261
598	33.990067
599	34.048874
600	34.107680
601	34.166486
602	34.225293
603	34.284099
604	34.342905
605	34.401712
606	34.460518
607	34.519324
608	34.578131
609	34.636937
610	34.695743
611	34.754550
612	34.813356
613	34.872162
614	34.930969
615	34.989775
616	35.048581
617	35.107388
618	35.166194
619	35.225000
620	35.283807
621	35.342613
622	35.401419
623	35.460226
624	35.519032
625	35.577839
626	35.636645
627	35.695451
628	35.754258
629	35.813064
630	35.871870
631	35.930677
632	35.989483
633	36.048289
634	36.107096
635	36.165902
636	36.224708
637	36.283515
638	36.342321
639	36.401127
640	36.459934
641	36.518740
642	36.577546
643	36.636353
644	36.695159
645	36.753965
646	36.812772
647	36.871578
648	36.930384
649	36.989191
650	37.047997
651	37.106803
652	37.165610
653	37.224416
654	37.283222
655	37.342029
656	37.400835
657	37.459642
658	37.518448
659	37.577254
660	37.636061
661	37.694867
662	37.753673
663	37.812480
664	37.871286
665	37.930092
666	37.988899
667	38.047705
668	38.106511
669	38.165318
670	38.224124
671	38.282930
672	38.341737
673	38.400543
674	38.459349
675	38.518156
676	38.576962
677	38.635768
678	38.694575
679	38.753381
680	38.812187
681	38.870994
682	38.929800
683	38.988606
684	39.047413
685	39.106219
686	39.165026
687	39.223832
688	39.282638
689	39.341445
690	39.400251
691	39.459057
692	39.517864
693	39.576670
694	39.635476
695	39.694283
696	39.753089
697	39.811895
698	39.870702
699	39.929508
700	39.988314
701	40.047121
702	40.105927
703	40.164733
704	40.223540
705	40.282346
706	40.341152
707	40.399959
708	40.458765
709	40.517571
710	40.576378
711	40.635184
712	40.693990
713	40.752797
714	40.811603
715	40.870410
716	40.929216
717	40.988022
718	41.046829
719	41.105635
720	41.164441
721	41.223248
722	41.282054
723	41.340860
724	41.399667
725	41.458473
726	41.517279
727	41.576086
728	41.634892
729	41.693698
730	41.752505
731	41.811311
732	41.870117
733	41.928924
734	41.987730
735	42.046536
736	42.105343
737	42.164149
738	42.222955
739	42.281762
740	42.340568
741	42.399374
742	42.458181
743	42.516987
744	42.575793
745	42.634600
746	42.693406
747	42.752213
748	42.811019
749	42.869825
750	42.928632
751	42.987438
752	43.046244
753	43.105051
754	43.163857
755	43.222663
756	43.281470
757	43.340276
758	43.399082
759	43.457889
760	43.516695
761	43.575501
762	43.634308
763	43.693114
764	43.751920
765	43.810727
766	43.869533
767	43.928339
768	43.987146
769	44.045952
770	44.104758
771	44.163565
772	44.222371
773	44.281177
774	44.339984
775	44.398790
776	44.457597
777	44.516403
778	44.575209
779	44.634016
780	44.692822
781	44.751628
782	44.810435
783	44.869241
784	44.928047
785	44.986854
786	45.045660
787	45.104466
788	45.163273
789	45.222079
790	45.280885
791	45.339692
792	45.398498
793	45.457304
794	45.516111
795	45.574917
796	45.633723
797	45.692530
798	45.751336
799	45.810142
800	45.868949
801	45.927755
802	45.986561
803	46.045368
804	46.104174
805	46.162981
806	46.221787
807	46.280593
808	46.339400
809	46.398206
810	46.457012
811	46.515819
812	46.574625
813	46.633431
814	46.692238
815	46.751044
816	46.809850
817	46.868657
818	46.927463
819	46.986269
820	47.045076
821	47.103882
822	47.162688
823	47.221495
824	47.280301
825	47.339107
826	47.397914
827	47.456720
828	47.515526
829	47.574333
830	47.633139
831	47.691945
832	47.750752
833	47.809558
834	47.868364
835	47.927171
836	47.985977
837	48.044784
838	48.103590
839	48.162396
840	48.221203
841	48.280009
842	48.338815
843	48.397622
844	48.456428
845	48.515234
846	48.574041
847	48.632847
848	48.691653
849	48.750460
850	48.809266
851	48.868072
852	48.926879
853	48.985685
854	49.044491
855	49.103298
856	49.162104
857	49.220910
858	49.279717
859	49.338523
860	49.397329
861	49.456136
862	49.514942
863	49.573748
864	49.632555
865	49.691361
866	49.750168
867	49.808974
868	49.867780
869	49.926587
870	49.985393
871	50.044199
872	50.103006
873	50.161812
874	50.220618
875	50.279425
876	50.338231
877	50.397037
878	50.455844
879	50.514650
880	50.573456
881	50.632263
882	50.691069
883	50.749875
884	50.808682
885	50.867488
886	50.926294
887	50.985101
888	51.043907
889	51.102713
890	51.161520
891	51.220326
892	51.279132
893	51.337939
894	51.396745
895	51.455552
896	51.514358
897	51.573164
898	51.631971
899	51.690777
900	51.749583
901	51.808390
902	51.867196
903	51.926002
904	51.984809
905	52.043615
906	52.102421
907	52.161228
908	52.220034
909	52.278840
910	52.337647
911	52.396453
912	52.455259
913	52.514066
914	52.572872
915	52.631678
916	52.690485
917	52.749291
918	52.808097
919	52.866904
920	52.925710
921	52.984516
922	53.043323
923	53.102129
924	53.160935
925	53.219742
926	53.278548
927	53.337355
928	53.396161
929	53.454967
930	53.513774
931	53.572580
932	53.631386
933	53.690193
934	53.748999
935	53.807805
936	53.866612
937	53.925418
938	53.984224
939	54.043031
940	54.101837
941	54.160643
942	54.219450
943	54.278256
944	54.337062
945	54.395869
946	54.454675
947	54.513481
948	54.572288
949	54.631094
950	54.689900
951	54.748707
952	54.807513
953	54.866319
954	54.925126
955	54.983932
956	55.042739
957	55.101545
958	55.160351
959	55.219158
960	55.277964
961	55.336770
962	55.395577
963	55.454383
964	55.513189
965	55.571996
966	55.630802
967	55.689608
968	55.748415
969	55.807221
970	55.866027
971	55.924834
972	55.983640
973	56.042446
974	56.101253
975	56.160059
976	56.218865
977	56.277672
978	56.336478
979	56.395284
980	56.454091
981	56.512897
982	56.571703
983	56.630510
984	56.689316
985	56.748123
986	56.806929
987	56.865735
988	56.924542
989	56.983348
990	57.042154
991	57.100961
992	57.159767
993	57.218573
994	57.277380
995	57.336186
996	57.394992
997	57.453799
998	57.512605
999	57.571411
1000	57.630218
1001	57.689024
1002	57.747830
1003	57.806637
1004	57.865443
1005	57.924249
1006	57.983056
1007	58.041862
1008	58.100668
1009	58.159475
1010	58.218281
1011	58.277087
1012	58.335894
1013	58.394700
1014	58.453506
1015	58.512313
1016	58.571119
1017	58.629926
1018	58.688732
1019	58.747538
1020	58.806345
1021	58.865151
1022	58.923957
1023	58.982764
1024	59.041570
1025	59.100376
1026	59.159183
1027	59.217989
1028	59.276795
1029	59.335602
1030	59.394408
1031	59.453214
1032	59.512021
1033	59.570827
1034	59.629633
1035	59.688440
1036	59.747246
1037	59.806052
1038	59.864859
1039	59.923665
1040	59.982471
1041	60.041278
1042	60.100084
1043	60.158890
1044	60.217697
1045	60.276503
1046	60.335310
1047	60.394116
1048	60.452922
1049	60.511729
1050	60.570535
1051	60.629341
1052	60.688148
1053	60.746954
1054	60.805760
1055	60.864567
1056	60.923373
1057	60.982179
1058	61.040986
1059	61.099792
1060	61.158598
1061	61.217405
1062	61.276211
1063	61.335017
1064	61.393824
1065	61.452630
1066	61.511436
1067	61.570243
1068	61.629049
1069	61.687855
1070	61.746662
1071	61.805468
1072	61.864274
1073	61.923081
1074	61.981887
1075	62.040694
1076	62.099500
1077	62.158306
1078	62.217113
1079	62.275919
1080	62.334725
1081	62.393532
1082	62.452338
1083	62.511144
1084	62.569951
1085	62.628757
1086	62.687563
1087	62.746370
1088	62.805176
1089	62.863982
1090	62.922789
1091	62.981595
1092	63.040401
1093	63.099208
1094	63.158014
1095	63.216820
1096	63.275627
1097	63.334433
1098	63.393239
1099	63.452046
1100	63.510852
1101	63.569658
1102	63.628465
1103	63.687271
1104	63.746077
1105	63.804884
1106	63.863690
1107	63.922497
1108	63.981303
1109	64.040109
1110	64.098916
1111	64.157722
1112	64.216528
1113	64.275335
1114	64.334141
1115	64.392947
1116	64.451754
1117	64.510560
1118	64.569366
1119	64.628173
1120	64.686979
1121	64.745785
1122	64.804592
1123	64.863398
1124	64.922204
1125	64.981011
1126	65.039817
1127	65.098623
1128	65.157430
1129	65.216236
1130	65.275042
1131	65.333849
1132	65.392655
1133	65.451461
1134	65.510268
1135	65.569074
1136	65.627881
1137	65.686687
1138	65.745493
1139	65.804300
1140	65.863106
1141	65.921912
1142	65.980719
1143	66.039525
1144	66.098331
1145	66.157138
1146	66.215944
1147	66.274750
1148	66.333557
1149	66.392363
1150	66.451169
1151	66.509976
1152	66.568782
1153	66.627588
1154	66.686395
1155	66.745201
1156	66.804007
1157	66.862814
1158	66.921620
1159	66.980426
1160	67.039233
1161	67.098039
1162	67.156845
1163	67.215652
1164	67.274458
1165	67.333265
1166	67.392071
1167	67.450877
1168	67.509684
1169	67.568490
1170	67.627296
1171	67.686103
1172	67.744909
1173	67.803715
1174	67.862522
1175	67.921328
1176	67.980134
1177	68.038941
1178	68.097747
1179	68.156553
1180	68.215360
1181	68.274166
1182	68.332972
1183	68.391779
1184	68.450585
1185	68.509391
1186	68.568198
1187	68.627004
1188	68.685810
1189	68.744617
1190	68.803423
1191	68.862229
1192	68.921036
1193	68.979842
1194	69.038648
1195	69.097455
1196	69.156261
1197	69.215068
1198	69.273874
1199	69.332680
1200	69.391487
1201	69.450293
1202	69.509099
1203	69.567906
1204	69.626712
1205	69.685518
1206	69.744325
1207	69.803131
1208	69.861937
1209	69.920744
1210	69.979550
1211	70.038356
1212	70.097163
1213	70.155969
1214	70.214775
1215	70.273582
1216	70.332388
1217	70.391194
1218	70.450001
1219	70.508807
1220	70.567613
1221	70.626420
1222	70.685226
1223	70.744032
1224	70.802839
1225	70.861645
1226	70.920452
1227	70.979258
1228	71.038064
1229	71.096871
1230	71.155677
1231	71.214483
1232	71.273290
1233	71.332096
1234	71.390902
1235	71.449709
1236	71.508515
1237	71.567321
1238	71.626128
1239	71.684934
1240	71.743740
1241	71.802547
1242	71.861353
1243	71.920159
1244	71.978966
1245	72.037772
1246	72.096578
1247	72.155385
1248	72.214191
1249	72.272997
1250	72.331804
1251	72.390610
1252	72.449416
1253	72.508223
1254	72.567029
1255	72.625836
1256	72.684642
1257	72.743448
1258	72.802255
1259	72.861061
1260	72.919867
1261	72.978674
1262	73.037480
1263	73.096286
1264	73.155093
1265	73.213899
1266	73.272705
1267	73.331512
1268	73.390318
1269	73.449124
1270	73.507931
1271	73.566737
1272	73.625543
1273	73.684350
1274	73.743156
1275	73.801962
1276	73.860769
1277	73.919575
1278	73.978381
1279	74.037188
1280	74.095994
1281	74.154800
1282	74.213607
1283	74.272413
1284	74.331219
1285	74.390026
1286	74.448832
1287	74.507639
1288	74.566445
1289	74.625251
1290	74.684058
1291	74.742864
1292	74.801670
1293	74.860477
1294	74.919283
1295	74.978089
1296	75.036896
1297	75.095702
1298	75.154508
1299	75.213315
1300	75.272121
1301	75.330927
1302	75.389734
1303	75.448540
1304	75.507346
1305	75.566153
1306	75.624959
1307	75.683765
1308	75.742572
1309	75.801378
1310	75.860184
1311	75.918991
1312	75.977797
1313	76.036603
1314	76.095410
1315	76.154216
1316	76.213023
1317	76.271829
1318	76.330635
1319	76.389442
1320	76.448248
1321	76.507054
1322	76.565861
1323	76.624667
1324	76.683473
1325	76.742280
1326	76.801086
1327	76.859892
1328	76.918699
1329	76.977505
1330	77.036311
1331	77.095118
1332	77.153924
1333	77.212730
1334	77.271537
1335	77.330343
1336	77.389149
1337	77.447956
1338	77.506762
1339	77.565568
1340	77.624375
1341	77.683181
1342	77.741987
1343	77.800794
1344	77.859600
1345	77.918407
1346	77.977213
1347	78.036019
1348	78.094826
1349	78.153632
1350	78.212438
1351	78.271245
1352	78.330051
1353	78.388857
1354	78.447664
1355	78.506470
1356	78.565276
1357	78.624083
1358	78.682889
1359	78.741695
1360	78.800502
1361	78.859308
1362	78.918114
1363	78.976921
1364	79.035727
1365	79.094533
1366	79.153340
1367	79.212146
1368	79.270952
1369	79.329759
1370	79.388565
1371	79.447371
1372	79.506178
1373	79.564984
1374	79.623790
1375	79.682597
1376	79.741403
1377	79.800210
1378	79.859016
1379	79.917822
1380	79.976629
1381	80.035435
1382	80.094241
1383	80.153048
1384	80.211854
1385	80.270660
1386	80.329467
1387	80.388273
1388	80.447079
1389	80.505886
1390	80.564692
1391	80.623498
1392	80.682305
1393	80.741111
1394	80.799917
1395	80.858724
1396	80.917530
1397	80.976336
1398	81.035143
1399	81.093949
1400	81.152755
1401	81.211562
1402	81.270368
1403	81.329174
1404	81.387981
1405	81.446787
1406	81.505594
1407	81.564400
1408	81.623206
1409	81.682013
1410	81.740819
1411	81.799625
1412	81.858432
1413	81.917238
1414	81.976044
1415	82.034851
1416	82.093657
1417	82.152463
1418	82.211270
1419	82.270076
1420	82.328882
1421	82.387689
1422	82.446495
1423	82.505301
1424	82.564108
1425	82.622914
1426	82.681720
1427	82.740527
1428	82.799333
1429	82.858139
1430	82.916946
1431	82.975752
1432	83.034558
1433	83.093365
1434	83.152171
1435	83.210978
1436	83.269784
1437	83.328590
1438	83.387397
1439	83.446203
1440	83.505009
1441	83.563816
1442	83.622622
1443	83.681428
1444	83.740235
1445	83.799041
1446	83.857847
1447	83.916654
1448	83.975460
1449	84.034266
1450	84.093073
1451	84.151879
1452	84.210685
1453	84.269492
1454	84.328298
1455	84.387104
1456	84.445911
1457	84.504717
1458	84.563523
1459	84.622330
1460	84.681136
1461	84.739942
1462	84.798749
1463	84.857555
1464	84.916361
1465	84.975168
1466	85.033974
1467	85.092781
1468	85.151587
1469	85.210393
1470	85.269200
1471	85.328006
1472	85.386812
1473	85.445619
1474	85.504425
1475	85.563231
1476	85.622038
1477	85.680844
1478	85.739650
1479	85.798457
1480	85.857263
1481	85.916069
1482	85.974876
1483	86.033682
1484	86.092488
1485	86.151295
1486	86.210101
1487	86.268907
1488	86.327714
1489	86.386520
1490	86.445326
1491	86.504133
1492	86.562939
1493	86.621745
1494	86.680552
1495	86.739358
1496	86.798165
1497	86.856971
1498	86.915777
1499	86.974584
1500	87.033390
1501	87.092196
1502	87.151003
1503	87.209809
1504	87.268615
1505	87.327422
1506	87.386228
1507	87.445034
1508	87.503841
1509	87.562647
1510	87.621453
1511	87.680260
1512	87.739066
1513	87.797872
1514	87.856679
1515	87.915485
1516	87.974291
1517	88.033098
1518	88.091904
1519	88.150710
1520	88.209517
1521	88.268323
1522	88.327129
1523	88.385936
1524	88.444742
1525	88.503549
1526	88.562355
1527	88.621161
1528	88.679968
1529	88.738774
1530	88.797580
1531	88.856387
1532	88.915193
1533	88.973999
1534	89.032806
1535	89.091612
1536	89.150418
1537	89.209225
1538	89.268031
1539	89.326837
1540	89.385644
1541	89.444450
1542	89.503256
1543	89.562063
1544	89.620869
1545	89.679675
1546	89.738482
1547	89.797288
1548	89.856094
1549	89.914901
1550	89.973707
1551	90.032513
1552	90.091320
1553	90.150126
1554	90.208932
1555	90.267739
1556	90.326545
1557	90.385352
1558	90.444158
1559	90.502964
1560	90.561771
1561	90.620577
1562	90.679383
1563	90.738190
1564	90.796996
1565	90.855802
1566	90.914609
1567	90.973415
1568	91.032221
1569	91.091028
1570	91.149834
1571	91.208640
1572	91.267447
1573	91.326253
1574	91.385059
1575	91.443866
1576	91.502672
1577	91.561478
1578	91.620285
1579	91.679091
1580	91.737897
1581	91.796704
1582	91.855510
1583	91.914316
1584	91.973123
1585	92.031929
1586	92.090736
1587	92.149542
1588	92.208348
1589	92.267155
1590	92.325961
1591	92.384767
1592	92.443574
1593	92.502380
1594	92.561186
1595	92.619993
1596	92.678799
1597	92.737605
1598	92.796412
1599	92.855218
1600	92.914024
1601	92.972831
1602	93.031637
1603	93.090443
1604	93.149250
1605	93.208056
1606	93.266862
1607	93.325669
1608	93.384475
1609	93.443281
1610	93.502088
1611	93.560894
1612	93.619700
1613	93.678507
1614	93.737313
1615	93.796119
1616	93.854926
1617	93.913732
1618	93.972539
1619	94.031345
1620	94.090151
1621	94.148958
1622	94.207764
1623	94.266570
1624	94.325377
1625	94.384183
1626	94.442989
1627	94.501796
1628	94.560602
1629	94.619408
1630	94.678215
1631	94.737021
1632	94.795827
1633	94.854634
1634	94.913440
1635	94.972246
1636	95.031053
1637	95.089859
1638	95.148665
1639	95.207472
1640	95.266278
1641	95.325084
1642	95.383891
1643	95.442697
1644	95.501503
1645	95.560310
1646	95.619116
1647	95.677923
1648	95.736729
1649	95.795535
1650	95.854342
1651	95.913148
1652	95.971954
1653	96.030761
1654	96.089567
1655	96.148373
1656	96.207180
1657	96.265986
1658	96.324792
1659	96.383599
1660	96.442405
1661	96.501211
1662	96.560018
1663	96.618824
1664	96.677630
1665	96.736437
1666	96.795243
1667	96.854049
1668	96.912856
1669	96.971662
1670	97.030468
1671	97.089275
1672	97.148081
1673	97.206887
1674	97.265694
1675	97.324500
1676	97.383307
1677	97.442113
1678	97.500919
1679	97.559726
1680	97.618532
1681	97.677338
1682	97.736145
1683	97.794951
1684	97.853757
1685	97.912564
1686	97.971370
1687	98.030176
1688	98.088983
1689	98.147789
1690	98.206595
1691	98.265402
1692	98.324208
1693	98.383014
1694	98.441821
1695	98.500627
1696	98.559433
1697	98.618240
1698	98.677046
1699	98.735852
1700	98.794659
1701	98.853465
1702	98.912271
1703	98.971078
1704	99.029884
1705	99.088690
1706	99.147497
1707	99.206303
1708	99.265110
1709	99.323916
1710	99.382722
1711	99.441529
1712	99.500335
1713	99.559141
1714	99.617948
1715	99.676754
1716	99.735560
1717	99.794367
1718	99.853173
1719	99.911979
1720	99.970786
1721	100.029592
1722	100.088398
1723	100.147205
1724	100.206011
1725	100.264817
1726	100.323624
1727	100.382430
1728	100.441236
1729	100.500043
1730	100.558849
1731	100.617655
1732	100.676462
1733	100.735268
1734	100.794074
1735	100.852881
1736	100.911687
1737	100.970494
1738	101.029300
1739	101.088106
1740	101.146913
1741	101.205719
1742	101.264525
1743	101.323332
1744	101.382138
1745	101.440944
1746	101.499751
1747	101.558557
1748	101.617363
1749	101.676170
1750	101.734976
1751	101.793782
1752	101.852589
1753	101.911395
1754	101.970201
1755	102.029008
1756	102.087814
1757	102.146620
1758	102.205427
1759	102.264233
1760	102.323039
1761	102.381846
1762	102.440652
1763	102.499458
1764	102.558265
1765	102.617071
1766	102.675878
1767	102.734684
1768	102.793490
1769	102.852297
1770	102.911103
1771	102.969909
1772	103.028716
1773	103.087522
1774	103.146328
1775	103.205135
1776	103.263941
1777	103.322747
1778	103.381554
1779	103.440360
1780	103.499166
1781	103.557973
1782	103.616779
1783	103.675585
1784	103.734392
1785	103.793198
1786	103.852004
1787	103.910811
1788	103.969617
1789	104.028423
1790	104.087230
1791	104.146036
1792	104.204842
1793	104.263649
1794	104.322455
1795	104.381261
1796	104.440068
1797	104.498874
1798	104.557681
1799	104.616487
1800	104.675293
1801	104.734100
1802	104.792906
1803	104.851712
1804	104.910519
1805	104.969325
1806	105.028131
1807	105.086938
1808	105.145744
1809	105.204550
1810	105.263357
1811	105.322163
1812	105.380969
1813	105.439776
1814	105.498582
1815	105.557388
1816	105.616195
1817	105.675001
1818	105.733807
1819	105.792614
1820	105.851420
1821	105.910226
1822	105.969033
1823	106.027839
1824	106.086645
1825	106.145452
1826	106.204258
1827	106.263065
1828	106.321871
1829	106.380677
1830	106.439484
1831	106.498290
1832	106.557096
1833	106.615903
1834	106.674709
1835	106.733515
1836	106.792322
1837	106.851128
1838	106.909934
1839	106.968741
1840	107.027547
1841	107.086353
1842	107.145160
1843	107.203966
1844	107.262772
1845	107.321579
1846	107.380385
1847	107.439191
1848	107.497998
1849	107.556804
1850	107.615610
1851	107.674417
1852	107.733223
1853	107.792029
1854	107.850836
1855	107.909642
1856	107.968449
1857	108.027255
1858	108.086061
1859	108.144868
1860	108.203674
1861	108.262480
1862	108.321287
1863	108.380093
1864	108.438899
1865	108.497706
1866	108.556512
1867	108.615318
1868	108.674125
1869	108.732931
1870	108.791737
1871	108.850544
1872	108.909350
1873	108.968156
1874	109.026963
1875	109.085769
1876	109.144575
1877	109.203382
1878	109.262188
1879	109.320994
1880	109.379801
1881	109.438607
1882	109.497413
1883	109.556220
1884	109.615026
1885	109.673832
1886	109.732639
1887	109.791445
1888	109.850252
1889	109.909058
1890	109.967864
1891	110.026671
1892	110.085477
1893	110.144283
1894	110.203090
1895	110.261896
1896	110.320702
1897	110.379509
1898	110.438315
1899	110.497121
1900	110.555928
1901	110.614734
1902	110.673540
1903	110.732347
1904	110.791153
1905	110.849959
1906	110.908766
1907	110.967572
1908	111.026378
1909	111.085185
1910	111.143991
1911	111.202797
1912	111.261604
1913	111.320410
1914	111.379216
1915	111.438023
1916	111.496829
1917	111.555636
1918	111.614442
1919	111.673248
1920	111.732055
1921	111.790861
1922	111.849667
1923	111.908474
1924	111.967280
1925	112.026086
1926	112.084893
1927	112.143699
1928	112.202505
1929	112.261312
1930	112.320118
1931	112.378924
1932	112.437731
1933	112.496537
1934	112.555343
1935	112.614150
1936	112.672956
1937	112.731762
1938	112.790569
1939	112.849375
1940	112.908181
1941	112.966988
1942	113.025794
1943	113.084600
1944	113.143407
1945	113.202213
1946	113.261020
1947	113.319826
1948	113.378632
1949	113.437439
1950	113.496245
1951	113.555051
1952	113.613858
1953	113.672664
1954	113.731470
1955	113.790277
1956	113.849083
1957	113.907889
1958	113.966696
1959	114.025502
1960	114.084308
1961	114.143115
1962	114.201921
1963	114.260727
1964	114.319534
1965	114.378340
1966	114.437146
1967	114.495953
1968	114.554759
1969	114.613565
1970	114.672372
1971	114.731178
1972	114.789984
1973	114.848791
1974	114.907597
1975	114.966403
1976	115.025210
1977	115.084016
1978	115.142823
1979	115.201629
1980	115.260435
1981	115.319242
1982	115.378048
1983	115.436854
1984	115.495661
1985	115.554467
1986	115.613273
1987	115.672080
1988	115.730886
1989	115.789692
1990	115.848499
1991	115.907305
1992	115.966111
1993	116.024918
1994	116.083724
1995	116.142530
1996	116.201337
1997	116.260143
1998	116.318949
1999	116.377756
2000	116.436562
2001	116.495368
2002	116.554175
2003	116.612981
2004	116.671787
2005	116.730594
2006	116.789400
2007	116.848207
2008	116.907013
2009	116.965819
2010	117.024626
2011	117.083432
2012	117.142238
2013	117.201045
2014	117.259851
2015	117.318657
2016	117.377464
2017	117.436270
2018	117.495076
2019	117.553883
2020	117.612689
2021	117.671495
2022	117.730302
2023	117.789108
2024	117.847914
2025	117.906721
2026	117.965527
2027	118.024333
2028	118.083140
2029	118.141946
2030	118.200752
2031	118.259559
2032	118.318365
2033	118.377171
2034	118.435978
2035	118.494784
2036	118.553591
2037	118.612397
2038	118.671203
2039	118.730010
2040	118.788816
2041	118.847622
2042	118.906429
2043	118.965235
2044	119.024041
2045	119.082848
2046	119.141654
2047	119.200460
