0	-1.177018
1	-1.118167
2	-1.059316
3	-1.000465
4	-0.941614
5	-0.882763
6	-0.823913
7	-0.765062
8	-0.706211
9	-0.647360
10	-0.588509
11	-0.529658
12	-0.470807
13	-0.411956
14	-0.353105
15	-0.294254
16	-0.235403
17	-0.176552
18	-0.117702
19	-0.058851
20	0.000000
21	0.058851
22	0.117702
23	0.176553
24	0.235404
25	0.294255
26	0.353106
27	0.411957
28	0.470808
29	0.529658
30	0.588509
31	0.647360
32	0.706211
33	0.765062
34	0.823913
35	0.882764
36	0.941615
37	1.000466
38	1.059317
39	1.118168
40	1.177019
41	1.235869
42	1.294720
43	1.353571
44	1.412422
45	1.471273
46	1.530124
47	1.588975
48	1.647826
49	1.706677
50	1.765528
51	1.824379
52	1.883230
53	1.942080
54	2.000931
55	2.059782
56	2.118633
57	2.177484
58	2.236335
59	2.295186
60	2.354037
61	2.412888
62	2.471739
63	2.530590
64	2.589441
65	2.648291
66	2.707142
67	2.765993
68	2.824844
69	2.883695
70	2.942546
71	3.001397
72	3.060248
73	3.119099
74	3.177950
75	3.236801
76	3.295652
77	3.354502
78	3.413353
79	3.472204
80	3.531055
81	3.589906
82	3.648757
83	3.707608
84	3.766459
85	3.825310
86	3.884161
87	3.943012
88	4.001863
89	4.060713
90	4.119564
91	4.178415
92	4.237266
93	4.296117
94	4.354968
95	4.413819
96	4.472670
97	4.531521
98	4.590372
99	4.649223
100	4.708074
101	4.766924
102	4.825775
103	4.884626
104	4.943477
105	5.002328
106	5.061179
107	5.120030
108	5.178881
109	5.237732
110	5.296583
111	5.355434
112	5.414285
113	5.473135
114	5.531986
115	5.590837
116	5.649688
117	5.708539
118	5.767390
119	5.826241
120	5.885092
121	5.943943
122	6.002794
123	6.061645
124	6.120496
125	6.179346
126	6.238197
127	6.297048
128	6.355899
129	6.414750
130	6.473601
131	6.532452
132	6.591303
133	6.650154
134	6.709005
135	6.767856
136	6.826707
137	6.885557
138	6.944408
139	7.003259
140	7.062110
141	7.120961
142	7.179812
143	7.238663
144	7.297514
145	7.356365
146	7.415216
147	7.474067
148	7.532918
149	7.591768
150	7.650619
151	7.709470
152	7.768321
153	7.827172
154	7.886023
155	7.944874
156	8.003725
157	8.062576
158	8.121427
159	8.180278
160	8.239129
161	8.297979
162	8.356830
163	8.415681
164	8.474532
165	8.533383
166	8.592234
167	8.651085
168	8.709936
169	8.768787
170	8.827638
171	8.886489
172	8.945340
173	9.004190
174	9.063041
175	9.121892
176	9.180743
177	9.239594
178	9.298445
179	9.357296
180	9.416147
181	9.474998
182	9.533849
183	9.592700
184	9.651551
185	9.710401
186	9.769252
187	9.828103
188	9.886954
189	9.945805
190	10.004656
191	10.063507
192	10.122358
193	10.181209
194	10.240060
195	10.298911
196	10.357762
197	10.416612
198	10.475463
199	10.534314
200	10.593165
201	10.652016
202	10.710867
203	10.769718
204	10.828569
205	10.887420
206	10.946271
207	11.005122
208	11.063973
209	11.122823
210	11.181674
211	11.240525
212	11.299376
213	11.358227
214	11.417078
215	11.475929
216	11.534780
217	11.593631
218	11.652482
219	11.711333
220	11.770184
221	11.829034
222	11.887885
223	11.946736
224	12.005587
225	12.064438
226	12.123289
227	12.182140
228	12.240991
229	12.299842
230	12.358693
231	12.417544
232	12.476395
233	12.535245
234	12.594096
235	12.652947
236	12.711798
237	12.770649
238	12.829500
239	12.888351
240	12.947202
241	13.006053
242	13.064904
243	13.123755
244	13.182606
245	13.241456
246	13.300307
247	13.359158
248	13.418009
249	13.476860
250	13.535711
251	13.594562
252	13.653413
253	13.712264
254	13.771115
255	13.829966
256	13.888817
257	13.947667
258	14.006518
259	14.065369
260	14.124220
261	14.183071
262	14.241922
263	14.300773
264	14.359624
265	14.418475
266	14.477326
267	14.536177
268	14.595028
269	14.653878
270	14.712729
271	14.771580
272	14.830431
273	14.889282
274	14.948133
275	15.006984
276	15.065835
277	15.124686
278	15.183537
279	15.242388
280	15.301239
281	15.360089
282	15.418940
283	15.477791
284	15.536642
285	15.595493
286	15.654344
287	15.713195
288	15.772046
289	15.830897
290	15.889748
291	15.948599
292	16.007450
293	16.066300
294	16.125151
295	16.184002
296	16.242853
297	16.301704
298	16.360555
299	16.419406
300	16.478257
301	16.537108
302	16.595959
303	16.654810
304	16.713661
305	16.772511
306	16.831362
307	16.890213
308	16.949064
309	17.007915
310	17.066766
311	17.125617
312	17.184468
313	17.243319
314	17.302170
315	17.361021
316	17.419872
317	17.478722
318	17.537573
319	17.596424
320	17.655275
321	17.714126
322	17.772977
323	17.831828
324	17.890679
325	17.949530
326	18.008381
327	18.067232
328	18.126083
329	18.184933
330	18.243784
331	18.302635
332	18.361486
333	18.420337
334	18.479188
335	18.538039
336	18.596890
337	18.655741
338	18.714592
339	18.773443
340	18.832294
341	18.891144
342	18.949995
343	19.008846
344	19.067697
345	19.126548
346	19.185399
347	19.244250
348	19.303101
349	19.361952
350	19.420803
351	19.479654
352	19.538505
353	19.597355
354	19.656206
355	19.715057
356	19.773908
357	19.832759
358	19.891610
359	19.950461
360	20.009312
361	20.068163
362	20.127014
363	20.185865
364	20.244716
365	20.303566
366	20.362417
367	20.421268
368	20.480119
369	20.538970
370	20.597821
371	20.656672
372	20.715523
373	20.774374
374	20.833225
375	20.892076
376	20.950927
377	21.009777
378	21.068628
379	21.127479
380	21.186330
381	21.245181
382	21.304032
383	21.362883
384	21.421734
385	21.480585
386	21.539436
387	21.598287
388	21.657138
389	21.715988
390	21.774839
391	21.833690
392	21.892541
393	21.951392
394	22.010243
395	22.069094
396	22.127945
397	22.186796
398	22.245647
399	22.304498
400	22.363349
401	22.422199
402	22.481050
403	22.539901
404	22.598752
405	22.657603
406	22.716454
407	22.775305
408	22.834156
409	22.893007
410	22.951858
411	23.010709
412	23.069560
413	23.128410
414	23.187261
415	23.246112
416	23.304963
417	23.363814
418	23.422665
419	23.481516
420	23.540367
421	23.599218
422	23.658069
423	23.716920
424	23.775771
425	23.834621
426	23.893472
427	23.952323
428	24.011174
429	24.070025
430	24.128876
431	24.187727
432	24.246578
433	24.305429
434	24.364280
435	24.423131
436	24.481982
437	24.540832
438	24.599683
439	24.658534
440	24.717385
441	24.776236
442	24.835087
443	24.893938
444	24.952789
445	25.011640
446	25.070491
447	25.129342
448	25.188193
449	25.247043
450	25.305894
451	25.364745
452	25.423596
453	25.482447
454	25.541298
455	25.600149
456	25.659000
457	25.717851
458	25.776702
459	25.835553
460	25.894404
461	25.953254
462	26.012105
463	26.070956
464	26.129807
465	26.188658
466	26.247509
467	26.306360
468	26.365211
469	26.424062
470	26.482913
471	26.541764
472	26.600615
473	26.659465
474	26.718316
475	26.777167
476	26.836018
477	26.894869
478	26.953720
479	27.012571
480	27.071422
481	27.130273
482	27.189124
483	27.247975
484	27.306826
485	27.365676
486	27.424527
487	27.483378
488	27.542229
489	27.601080
490	27.659931
491	27.718782
492	27.777633
493	27.836484
494	27.895335
495	27.954186
496	28.013037
497	28.071887
498	28.130738
499	28.189589
500	28.248440
501	28.307291
502	28.366142
503	28.424993
504	28.483844
505	28.542695
506	28.601546
507	28.660397
508	28.719248
509	28.778098
510	28.836949
511	28.895800
512	28.954651
513	29.013502
514	29.072353
515	29.131204
516	29.190055
517	29.248906
518	29.307757
519	29.366608
520	29.425459
521	29.484309
522	29.543160
523	29.602011
524	29.660862
525	29.719713
526	29.778564
527	29.837415
528	29.896266
529	29.955117
530	30.013968
531	30.072819
532	30.131670
533	30.190520
534	30.249371
535	30.308222
536	30.367073
537	30.425924
538	30.484775
539	30.543626
540	30.602477
541	30.661328
542	30.720179
543	30.779030
544	30.837881
545	30.896731
546	30.955582
547	31.014433
548	31.073284
549	31.132135
550	31.190986
551	31.249837
552	31.308688
553	31.367539
554	31.426390
555	31.485241
556	31.544092
557	31.602942
558	31.661793
559	31.720644
560	31.779495
561	31.838346
562	31.897197
563	31.956048
564	32.014899
565	32.073750
566	32.132601
567	32.191452
568	32.250303
569	32.309153
570	32.368004
571	32.426855
572	32.485706
573	32.544557
574	32.603408
575	32.662259
576	32.721110
577	32.779961
578	32.838812
579	32.897663
580	32.956514
581	33.015364
582	33.074215
583	33.133066
584	33.191917
585	33.250768
586	33.309619
587	33.368470
588	33.427321
589	33.486172
590	33.545023
591	33.603874
592	33.662725
593	33.721575
594	33.780426
595	33.839277
596	33.898128
597	33.956979
598	34.015830
599	34.074681
600	34.133532
601	34.192383
602	34.251234
603	34.310085
604	34.368936
605	34.427786
606	34.486637
607	34.545488
608	34.604339
609	34.663190
610	34.722041
611	34.780892
612	34.839743
613	34.898594
614	34.957445
615	35.016296
616	35.075147
617	35.133997
618	35.192848
619	35.251699
620	35.310550
621	35.369401
622	35.428252
623	35.487103
624	35.545954
625	35.604805
626	35.663656
627	35.722507
628	35.781358
629	35.840208
630	35.899059
631	35.957910
632	36.016761
633	36.075612
634	36.134463
635	36.193314
636	36.252165
637	36.311016
638	36.369867
639	36.428718
640	36.487569
641	36.546419
642	36.605270
643	36.664121
644	36.722972
645	36.781823
646	36.840674
647	36.899525
648	36.958376
649	37.017227
650	37.076078
651	37.134929
652	37.193780
653	37.252630
654	37.311481
655	37.370332
656	37.429183
657	37.488034
658	37.546885
659	37.605736
660	37.664587
661	37.723438
662	37.782289
663	37.841140
664	37.899991
665	37.958841
666	38.017692
667	38.076543
668	38.135394
669	38.194245
670	38.253096
671	38.311947
672	38.370798
673	38.429649
674	38.488500
675	38.547351
676	38.606202
677	38.665052
678	38.723903
679	38.782754
680	38.841605
681	38.900456
682	38.959307
683	39.018158
684	39.077009
685	39.135860
686	39.194711
687	39.253562
688	39.312413
689	39.371263
690	39.430114
691	39.488965
692	39.547816
693	39.606667
694	39.665518
695	39.724369
696	39.783220
697	39.842071
698	39.900922
699	39.959773
700	40.018624
701	40.077474
702	40.136325
703	40.195176
704	40.254027
705	40.312878
706	40.371729
707	40.430580
708	40.489431
709	40.548282
710	40.607133
711	40.665984
712	40.724835
713	40.783685
714	40.842536
715	40.901387
716	40.960238
717	41.019089
718	41.077940
719	41.136791
720	41.195642
721	41.254493
722	41.313344
723	41.372195
724	41.431046
725	41.489896
726	41.548747
727	41.607598
728	41.666449
729	41.725300
730	41.784151
731	41.843002
732	41.901853
733	41.960704
734	42.019555
735	42.078406
736	42.137257
737	42.196107
738	42.254958
739	42.313809
740	42.372660
741	42.431511
742	42.490362
743	42.549213
744	42.608064
745	42.666915
746	42.725766
747	42.784617
748	42.843468
749	42.902318
750	42.961169
751	43.020020
752	43.078871
753	43.137722
754	43.196573
755	43.255424
756	43.314275
757	43.373126
758	43.431977
759	43.490828
760	43.549678
761	43.608529
762	43.667380
763	43.726231
764	43.785082
765	43.843933
766	43.902784
767	43.961635
768	44.020486
769	44.079337
770	44.138188
771	44.197039
772	44.255889
773	44.314740
774	44.373591
775	44.432442
776	44.491293
777	44.550144
778	44.608995
779	44.667846
780	44.726697
781	44.785548
782	44.844399
783	44.903250
784	44.962100
785	45.020951
786	45.079802
787	45.138653
788	45.197504
789	45.256355
790	45.315206
791	45.374057
792	45.432908
793	45.491759
794	45.550610
795	45.609461
796	45.668311
797	45.727162
798	45.786013
799	45.844864
800	45.903715
801	45.962566
802	46.021417
803	46.080268
804	46.139119
805	46.197970
806	46.256821
807	46.315672
808	46.374522
809	46.433373
810	46.492224
811	46.551075
812	46.609926
813	46.668777
814	46.727628
815	46.786479
816	46.845330
817	46.904181
818	46.963032
819	47.021883
820	47.080733
821	47.139584
822	47.198435
823	47.257286
824	47.316137
825	47.374988
826	47.433839
827	47.492690
828	47.551541
829	47.610392
830	47.669243
831	47.728094
832	47.786944
833	47.845795
834	47.904646
835	47.963497
836	48.022348
837	48.081199
838	48.140050
839	48.198901
840	48.257752
841	48.316603
842	48.375454
843	48.434305
844	48.493155
845	48.552006
846	48.610857
847	48.669708
848	48.728559
849	48.787410
850	48.846261
851	48.905112
852	48.963963
853	49.022814
854	49.081665
855	49.140516
856	49.199366
857	49.258217
858	49.317068
859	49.375919
860	49.434770
861	49.493621
862	49.552472
863	49.611323
864	49.670174
865	49.729025
866	49.787876
867	49.846727
868	49.905577
869	49.964428
870	50.023279
871	50.082130
872	50.140981
873	50.199832
874	50.258683
875	50.317534
876	50.376385
877	50.435236
878	50.494087
879	50.552938
880	50.611788
881	50.670639
882	50.729490
883	50.788341
884	50.847192
885	50.906043
886	50.964894
887	51.023745
888	51.082596
889	51.141447
890	51.200298
891	51.259149
892	51.317999
893	51.376850
894	51.435701
895	51.494552
896	51.553403
897	51.612254
898	51.671105
899	51.729956
900	51.788807
901	51.847658
902	51.906509
903	51.965360
904	52.024210
905	52.083061
906	52.141912
907	52.200763
908	52.259614
909	52.318465
910	52.377316
911	52.436167
912	52.495018
913	52.553869
914	52.612720
915	52.671571
916	52.730421
917	52.789272
918	52.848123
919	52.906974
920	52.965825
921	53.024676
922	53.083527
923	53.142378
924	53.201229
925	53.260080
926	53.318931
927	53.377782
928	53.436632
929	53.495483
930	53.554334
931	53.613185
932	53.672036
933	53.730887
934	53.789738
935	53.848589
936	53.907440
937	53.966291
938	54.025142
939	54.083993
940	54.142843
941	54.201694
942	54.260545
943	54.319396
944	54.378247
945	54.437098
946	54.495949
947	54.554800
948	54.613651
949	54.672502
950	54.731353
951	54.790204
952	54.849054
953	54.907905
954	54.966756
955	55.025607
956	55.084458
957	55.143309
958	55.202160
959	55.261011
960	55.319862
961	55.378713
962	55.437564
963	55.496415
964	55.555265
965	55.614116
966	55.672967
967	55.731818
968	55.790669
969	55.849520
970	55.908371
971	55.967222
972	56.026073
973	56.084924
974	56.143775
975	56.202626
976	56.261476
977	56.320327
978	56.379178
979	56.438029
980	56.496880
981	56.555731
982	56.614582
983	56.673433
984	56.732284
985	56.791135
986	56.849986
987	56.908837
988	56.967687
989	57.026538
990	57.085389
991	57.144240
992	57.203091
993	57.261942
994	57.320793
995	57.379644
996	57.438495
997	57.497346
998	57.556197
999	57.615048
1000	57.673898
1001	57.732749
1002	57.791600
1003	57.850451
1004	57.909302
1005	57.968153
1006	58.027004
1007	58.085855
1008	58.144706
1009	58.203557
1010	58.262408
1011	58.321259
1012	58.380109
1013	58.438960
1014	58.497811
1015	58.556662
1016	58.615513
1017	58.674364
1018	58.733215
1019	58.792066
1020	58.850917
1021	58.909768
1022	58.968619
1023	59.027470
1024	59.086320
1025	59.145171
1026	59.204022
1027	59.262873
1028	59.321724
1029	59.380575
1030	59.439426
1031	59.498277
1032	59.557128
1033	59.615979
1034	59.674830
1035	59.733681
1036	59.792531
1037	59.851382
1038	59.910233
1039	59.969084
1040	60.027935
1041	60.086786
1042	60.145637
1043	60.204488
1044	60.263339
1045	60.322190
1046	60.381041
1047	60.439892
1048	60.498742
1049	60.557593
1050	60.616444
1051	60.675295
1052	60.734146
1053	60.792997
1054	60.851848
1055	60.910699
1056	60.969550
1057	61.028401
1058	61.087252
1059	61.146103
1060	61.204953
1061	61.263804
1062	61.322655
1063	61.381506
1064	61.440357
1065	61.499208
1066	61.558059
1067	61.616910
1068	61.675761
1069	61.734612
1070	61.793463
1071	61.852314
1072	61.911164
1073	61.970015
1074	62.028866
1075	62.087717
1076	62.146568
1077	62.205419
1078	62.264270
1079	62.323121
1080	62.381972
1081	62.440823
1082	62.499674
1083	62.558525
1084	62.617375
1085	62.676226
1086	62.735077
1087	62.793928
1088	62.852779
1089	62.911630
1090	62.970481
1091	63.029332
1092	63.088183
1093	63.147034
1094	63.205885
1095	63.264736
1096	63.323586
1097	63.382437
1098	63.441288
1099	63.500139
1100	63.558990
1101	63.617841
1102	63.676692
1103	63.735543
1104	63.794394
1105	63.853245
1106	63.912096
1107	63.970947
1108	64.029797
1109	64.088648
1110	64.147499
1111	64.206350
1112	64.265201
1113	64.324052
1114	64.382903
1115	64.441754
1116	64.500605
1117	64.559456
1118	64.618307
1119	64.677158
1120	64.736008
1121	64.794859
1122	64.853710
1123	64.912561
1124	64.971412
1125	65.030263
1126	65.089114
1127	65.147965
1128	65.206816
1129	65.265667
1130	65.324518
1131	65.383369
1132	65.442219
1133	65.501070
1134	65.559921
1135	65.618772
1136	65.677623
1137	65.736474
1138	65.795325
1139	65.854176
1140	65.913027
1141	65.971878
1142	66.030729
1143	66.089580
1144	66.148430
1145	66.207281
1146	66.266132
1147	66.324983
1148	66.383834
1149	66.442685
1150	66.501536
1151	66.560387
1152	66.619238
1153	66.678089
1154	66.736940
1155	66.795791
1156	66.854641
1157	66.913492
1158	66.972343
1159	67.031194
1160	67.090045
1161	67.148896
1162	67.207747
1163	67.266598
1164	67.325449
1165	67.384300
1166	67.443151
1167	67.502002
1168	67.560852
1169	67.619703
1170	67.678554
1171	67.737405
1172	67.796256
1173	67.855107
1174	67.913958
1175	67.972809
1176	68.031660
1177	68.090511
1178	68.149362
1179	68.208213
1180	68.267063
1181	68.325914
1182	68.384765
1183	68.443616
1184	68.502467
1185	68.561318
1186	68.620169
1187	68.679020
1188	68.737871
1189	68.796722
1190	68.855573
1191	68.914424
1192	68.973274
1193	69.032125
1194	69.090976
1195	69.149827
1196	69.208678
1197	69.267529
1198	69.326380
1199	69.385231
1200	69.444082
1201	69.502933
1202	69.561784
1203	69.620635
1204	69.679485
1205	69.738336
1206	69.797187
1207	69.856038
1208	69.914889
1209	69.973740
1210	70.032591
1211	70.091442
1212	70.150293
1213	70.209144
1214	70.267995
1215	70.326846
1216	70.385696
1217	70.444547
1218	70.503398
1219	70.562249
1220	70.621100
1221	70.679951
1222	70.738802
1223	70.797653
1224	70.856504
1225	70.915355
1226	70.974206
1227	71.033057
1228	71.091907
1229	71.150758
1230	71.209609
1231	71.268460
1232	71.327311
1233	71.386162
1234	71.445013
1235	71.503864
1236	71.562715
1237	71.621566
1238	71.680417
1239	71.739268
1240	71.798118
1241	71.856969
1242	71.915820
1243	71.974671
1244	72.033522
1245	72.092373
1246	72.151224
1247	72.210075
1248	72.268926
1249	72.327777
1250	72.386628
1251	72.445479
1252	72.504329
1253	72.563180
1254	72.622031
1255	72.680882
1256	72.739733
1257	72.798584
1258	72.857435
1259	72.916286
1260	72.975137
1261	73.033988
1262	73.092839
1263	73.151690
1264	73.210540
1265	73.269391
1266	73.328242
1267	73.387093
1268	73.445944
1269	73.504795
1270	73.563646
1271	73.622497
1272	73.681348
1273	73.740199
1274	73.799050
1275	73.857901
1276	73.916751
1277	73.975602
1278	74.034453
1279	74.093304
1280	74.152155
1281	74.211006
1282	74.269857
1283	74.328708
1284	74.387559
1285	74.446410
1286	74.505261
1287	74.564112
1288	74.622962
1289	74.681813
1290	74.740664
1291	74.799515
1292	74.858366
1293	74.917217
1294	74.976068
1295	75.034919
1296	75.093770
1297	75.152621
1298	75.211472
1299	75.270323
1300	75.329173
1301	75.388024
1302	75.446875
1303	75.505726
1304	75.564577
1305	75.623428
1306	75.682279
1307	75.741130
1308	75.799981
1309	75.858832
1310	75.917683
1311	75.976534
1312	76.035384
1313	76.094235
1314	76.153086
1315	76.211937
1316	76.270788
1317	76.329639
1318	76.388490
1319	76.447341
1320	76.506192
1321	76.565043
1322	76.623894
1323	76.682745
1324	76.741595
1325	76.800446
1326	76.859297
1327	76.918148
1328	76.976999
1329	77.035850
1330	77.094701
1331	77.153552
1332	77.212403
1333	77.271254
1334	77.330105
1335	77.388956
1336	77.447806
1337	77.506657
1338	77.565508
1339	77.624359
1340	77.683210
1341	77.742061
1342	77.800912
1343	77.859763
1344	77.918614
1345	77.977465
1346	78.036316
1347	78.095167
1348	78.154017
1349	78.212868
1350	78.271719
1351	78.330570
1352	78.389421
1353	78.448272
1354	78.507123
1355	78.565974
1356	78.624825
1357	78.683676
1358	78.742527
1359	78.801378
1360	78.860228
1361	78.919079
1362	78.977930
1363	79.036781
1364	79.095632
1365	79.154483
1366	79.213334
1367	79.272185
1368	79.331036
1369	79.389887
1370	79.448738
1371	79.507589
1372	79.566439
1373	79.625290
1374	79.684141
1375	79.742992
1376	79.801843
1377	79.860694
1378	79.919545
1379	79.978396
1380	80.037247
1381	80.096098
1382	80.154949
1383	80.213800
1384	80.272650
1385	80.331501
1386	80.390352
1387	80.449203
1388	80.508054
1389	80.566905
1390	80.625756
1391	80.684607
1392	80.743458
1393	80.802309
1394	80.861160
1395	80.920011
1396	80.978861
1397	81.037712
1398	81.096563
1399	81.155414
1400	81.214265
1401	81.273116
1402	81.331967
1403	81.390818
1404	81.449669
1405	81.508520
1406	81.567371
1407	81.626222
1408	81.685072
1409	81.743923
1410	81.802774
1411	81.861625
1412	81.920476
1413	81.979327
1414	82.038178
1415	82.097029
1416	82.155880
1417	82.214731
1418	82.273582
1419	82.332433
1420	82.391283
1421	82.450134
1422	82.508985
1423	82.567836
1424	82.626687
1425	82.685538
1426	82.744389
1427	82.803240
1428	82.862091
1429	82.920942
1430	82.979793
1431	83.038644
1432	83.097494
1433	83.156345
1434	83.215196
1435	83.274047
1436	83.332898
1437	83.391749
1438	83.450600
1439	83.509451
1440	83.568302
1441	83.627153
1442	83.686004
1443	83.744855
1444	83.803705
1445	83.862556
1446	83.921407
1447	83.980258
1448	84.039109
1449	84.097960
1450	84.156811
1451	84.215662
1452	84.274513
1453	84.333364
1454	84.392215
1455	84.451066
1456	84.509916
1457	84.568767
1458	84.627618
1459	84.686469
1460	84.745320
1461	84.804171
1462	84.863022
1463	84.921873
1464	84.980724
1465	85.039575
1466	85.098426
1467	85.157277
1468	85.216127
1469	85.274978
1470	85.333829
1471	85.392680
1472	85.451531
1473	85.510382
1474	85.569233
1475	85.628084
1476	85.686935
1477	85.745786
1478	85.804637
1479	85.863488
1480	85.922338
1481	85.981189
1482	86.040040
1483	86.098891
1484	86.157742
1485	86.216593
1486	86.275444
1487	86.334295
1488	86.393146
1489	86.451997
1490	86.510848
1491	86.569698
1492	86.628549
1493	86.687400
1494	86.746251
1495	86.805102
1496	86.863953
1497	86.922804
1498	86.981655
1499	87.040506
1500	87.099357
1501	87.158208
1502	87.217059
1503	87.275909
1504	87.334760
1505	87.393611
1506	87.452462
1507	87.511313
1508	87.570164
1509	87.629015
1510	87.687866
1511	87.746717
1512	87.805568
1513	87.864419
1514	87.923270
1515	87.982120
1516	88.040971
1517	88.099822
1518	88.158673
1519	88.217524
1520	88.276375
1521	88.335226
1522	88.394077
1523	88.452928
1524	88.511779
1525	88.570630
1526	88.629481
1527	88.688331
1528	88.747182
1529	88.806033
1530	88.864884
1531	88.923735
1532	88.982586
1533	89.041437
1534	89.100288
1535	89.159139
1536	89.217990
1537	89.276841
1538	89.335692
1539	89.394542
1540	89.453393
1541	89.512244
1542	89.571095
1543	89.629946
1544	89.688797
1545	89.747648
1546	89.806499
1547	89.865350
1548	89.924201
1549	89.983052
1550	90.041903
1551	90.100753
1552	90.159604
1553	90.218455
1554	90.277306
1555	90.336157
1556	90.395008
1557	90.453859
1558	90.512710
1559	90.571561
1560	90.630412
1561	90.689263
1562	90.748114
1563	90.806964
1564	90.865815
1565	90.924666
1566	90.983517
1567	91.042368
1568	91.101219
1569	91.160070
1570	91.218921
1571	91.277772
1572	91.336623
1573	91.395474
1574	91.454325
1575	91.513175
1576	91.572026
1577	91.630877
1578	91.689728
1579	91.748579
1580	91.807430
1581	91.866281
1582	91.925132
1583	91.983983
1584	92.042834
1585	92.101685
1586	92.160536
1587	92.219386
1588	92.278237
1589	92.337088
1590	92.395939
1591	92.454790
1592	92.513641
1593	92.572492
1594	92.631343
1595	92.690194
1596	92.749045
1597	92.807896
1598	92.866747
1599	92.925597
1600	92.984448
1601	93.043299
1602	93.102150
1603	93.161001
1604	93.219852
1605	93.278703
1606	93.337554
1607	93.396405
1608	93.455256
1609	93.514107
1610	93.572958
1611	93.631808
1612	93.690659
1613	93.749510
1614	93.808361
1615	93.867212
1616	93.926063
1617	93.984914
1618	94.043765
1619	94.102616
1620	94.161467
1621	94.220318
1622	94.279169
1623	94.338019
1624	94.396870
1625	94.455721
1626	94.514572
1627	94.573423
1628	94.632274
1629	94.691125
1630	94.749976
1631	94.808827
1632	94.867678
1633	94.926529
1634	94.985380
1635	95.044230
1636	95.103081
1637	95.161932
1638	95.220783
1639	95.279634
1640	95.338485
1641	95.397336
1642	95.456187
1643	95.515038
1644	95.573889
1645	95.632740
1646	95.691591
1647	95.750441
1648	95.809292
1649	95.868143
1650	95.926994
1651	95.985845
1652	96.044696
1653	96.103547
1654	96.162398
1655	96.221249
1656	96.280100
1657	96.338951
1658	96.397802
1659	96.456652
1660	96.515503
1661	96.574354
1662	96.633205
1663	96.692056
1664	96.750907
1665	96.809758
1666	96.868609
1667	96.927460
1668	96.986311
1669	97.045162
1670	97.104013
1671	97.162863
1672	97.221714
1673	97.280565
1674	97.339416
1675	97.398267
1676	97.457118
1677	97.515969
1678	97.574820
1679	97.633671
1680	97.692522
1681	97.751373
1682	97.810224
1683	97.869074
1684	97.927925
1685	97.986776
1686	98.045627
1687	98.104478
1688	98.163329
1689	98.222180
1690	98.281031
1691	98.339882
1692	98.398733
1693	98.457584
1694	98.516435
1695	98.575285
1696	98.634136
1697	98.692987
1698	98.751838
1699	98.810689
1700	98.869540
1701	98.928391
1702	98.987242
1703	99.046093
1704	99.104944
1705	99.163795
1706	99.222646
1707	99.281496
1708	99.340347
1709	99.399198
1710	99.458049
1711	99.516900
1712	99.575751
1713	99.634602
1714	99.693453
1715	99.752304
1716	99.811155
1717	99.870006
1718	99.928857
1719	99.987707
1720	100.046558
1721	100.105409
1722	100.164260
1723	100.223111
1724	100.281962
1725	100.340813
1726	100.399664
1727	100.458515
1728	100.517366
1729	100.576217
1730	100.635068
1731	100.693918
1732	100.752769
1733	100.811620
1734	100.870471
1735	100.929322
1736	100.988173
1737	101.047024
1738	101.105875
1739	101.164726
1740	101.223577
1741	101.282428
1742	101.341279
1743	101.400129
1744	101.458980
1745	101.517831
1746	101.576682
1747	101.635533
1748	101.694384
1749	101.753235
1750	101.812086
1751	101.870937
1752	101.929788
1753	101.988639
1754	102.047490
1755	102.106340
1756	102.165191
1757	102.224042
1758	102.282893
1759	102.341744
1760	102.400595
1761	102.459446
1762	102.518297
1763	102.577148
1764	102.635999
1765	102.694850
1766	102.753701
1767	102.812551
1768	102.871402
1769	102.930253
1770	102.989104
1771	103.047955
1772	103.106806
1773	103.165657
1774	103.224508
1775	103.283359
1776	103.342210
1777	103.401061
1778	103.459912
1779	103.518762
1780	103.577613
1781	103.636464
1782	103.695315
1783	103.754166
1784	103.813017
1785	103.871868
1786	103.930719
1787	103.989570
1788	104.048421
1789	104.107272
1790	104.166123
1791	104.224973
1792	104.283824
1793	104.342675
1794	104.401526
1795	104.460377
1796	104.519228
1797	104.578079
1798	104.636930
1799	104.695781
1800	104.754632
1801	104.813483
1802	104.872334
1803	104.931184
1804	104.990035
1805	105.048886
1806	105.107737
1807	105.166588
1808	105.225439
1809	105.284290
1810	105.343141
1811	105.401992
1812	105.460843
1813	105.519694
1814	105.578545
1815	105.637395
1816	105.696246
1817	105.755097
1818	105.813948
1819	105.872799
1820	105.931650
1821	105.990501
1822	106.049352
1823	106.108203
1824	106.167054
1825	106.225905
1826	106.284756
1827	106.343606
1828	106.402457
1829	106.461308
1830	106.520159
1831	106.579010
1832	106.637861
1833	106.696712
1834	106.755563
1835	106.814414
1836	106.873265
1837	106.932116
1838	106.990967
1839	107.049817
1840	107.108668
1841	107.167519
1842	107.226370
1843	107.285221
1844	107.344072
1845	107.402923
1846	107.461774
1847	107.520625
1848	107.579476
1849	107.638327
1850	107.697178
1851	107.756028
1852	107.814879
1853	107.873730
1854	107.932581
1855	107.991432
1856	108.050283
1857	108.109134
1858	108.167985
1859	108.226836
1860	108.285687
1861	108.344538
1862	108.403389
1863	108.462239
1864	108.521090
1865	108.579941
1866	108.638792
1867	108.697643
1868	108.756494
1869	108.815345
1870	108.874196
1871	108.933047
1872	108.991898
1873	109.050749
1874	109.109600
1875	109.168450
1876	109.227301
1877	109.286152
1878	109.345003
1879	109.403854
1880	109.462705
1881	109.521556
1882	109.580407
1883	109.639258
1884	109.698109
1885	109.756960
1886	109.815811
1887	109.874661
1888	109.933512
1889	109.992363
1890	110.051214
1891	110.110065
1892	110.168916
1893	110.227767
1894	110.286618
1895	110.345469
1896	110.404320
1897	110.463171
1898	110.522022
1899	110.580872
1900	110.639723
1901	110.698574
1902	110.757425
1903	110.816276
1904	110.875127
1905	110.933978
1906	110.992829
1907	111.051680
1908	111.110531
1909	111.169382
1910	111.228233
1911	111.287083
1912	111.345934
1913	111.404785
1914	111.463636
1915	111.522487
1916	111.581338
1917	111.640189
1918	111.699040
1919	111.757891
1920	111.816742
1921	111.875593
1922	111.934444
1923	111.993294
1924	112.052145
1925	112.110996
1926	112.169847
1927	112.228698
1928	112.287549
1929	112.346400
1930	112.405251
1931	112.464102
1932	112.522953
1933	112.581804
1934	112.640655
1935	112.699505
1936	112.758356
1937	112.817207
1938	112.876058
1939	112.934909
1940	112.993760
1941	113.052611
1942	113.111462
1943	113.170313
1944	113.229164
1945	113.288015
1946	113.346866
1947	113.405716
1948	113.464567
1949	113.523418
1950	113.582269
1951	113.641120
1952	113.699971
1953	113.758822
1954	113.817673
1955	113.876524
1956	113.935375
1957	113.994226
1958	114.053077
1959	114.111927
1960	114.170778
1961	114.229629
1962	114.288480
1963	114.347331
1964	114.406182
1965	114.465033
1966	114.523884
1967	114.582735
1968	114.641586
1969	114.700437
1970	114.759288
1971	114.818138
1972	114.876989
1973	114.935840
1974	114.994691
1975	115.053542
1976	115.112393
1977	115.171244
1978	115.230095
1979	115.288946
1980	115.347797
1981	115.406648
1982	115.465499
1983	115.524349
1984	115.583200
1985	115.642051
1986	115.700902
1987	115.759753
1988	115.818604
1989	115.877455
1990	115.936306
1991	115.995157
1992	116.054008
1993	116.112859
1994	116.171710
1995	116.230560
1996	116.289411
1997	116.348262
1998	116.407113
1999	116.465964
2000	116.524815
2001	116.583666
2002	116.642517
2003	116.701368
2004	116.760219
2005	116.819070
2006	116.877921
2007	116.936771
2008	116.995622
2009	117.054473
2010	117.113324
2011	117.172175
2012	117.231026
2013	117.289877
2014	117.348728
2015	117.407579
2016	117.466430
2017	117.525281
2018	117.584132
2019	117.642982
2020	117.701833
2021	117.760684
2022	117.819535
2023	117.878386
2024	117.937237
2025	117.996088
2026	118.054939
2027	118.113790
2028	118.172641
2029	118.231492
2030	118.290343
2031	118.349193
2032	118.408044
2033	118.466895
2034	118.525746
2035	118.584597
2036	118.643448
2037	118.702299
2038	118.761150
2039	118.820001
2040	118.878852
2041	118.937703
2042	118.996554
2043	119.055404
2044	119.114255
2045	119.173106
2046	119.231957
2047	119.290808
