0	-1.176660
1	-1.117827
2	-1.058994
3	-1.000161
4	-0.941328
5	-0.882495
6	-0.823662
7	-0.764829
8	-0.705996
9	-0.647163
10	-0.588330
11	-0.529497
12	-0.470664
13	-0.411831
14	-0.352998
15	-0.294165
16	-0.235332
17	-0.176499
18	-0.117666
19	-0.058833
20	0.000000
21	0.058833
22	0.117666
23	0.176499
24	0.235332
25	0.294165
26	0.352998
27	0.411831
28	0.470664
29	0.529497
30	0.588330
31	0.647163
32	0.705996
33	0.764829
34	0.823662
35	0.882495
36	0.941328
37	1.000161
38	1.058994
39	1.117827
40	1.176660
41	1.235493
42	1.294326
43	1.353159
44	1.411992
45	1.470825
46	1.529658
47	1.588491
48	1.647324
49	1.706158
50	1.764991
51	1.823824
52	1.882657
53	1.941490
54	2.000323
55	2.059156
56	2.117989
57	2.176822
58	2.235655
59	2.294488
60	2.353321
61	2.412154
62	2.470987
63	2.529820
64	2.588653
65	2.647486
66	2.706319
67	2.765152
68	2.823985
69	2.882818
70	2.941651
71	3.000484
72	3.059317
73	3.118150
74	3.176983
75	3.235816
76	3.294649
77	3.353482
78	3.412315
79	3.471148
80	3.529981
81	3.588814
82	3.647647
83	3.706480
84	3.765313
85	3.824146
86	3.882979
87	3.941812
88	4.000645
89	4.059478
90	4.118311
91	4.177144
92	4.235977
93	4.294810
94	4.353643
95	4.412476
96	4.471309
97	4.530143
98	4.588976
99	4.647809
100	4.706642
101	4.765475
102	4.824308
103	4.883141
104	4.941974
105	5.000807
106	5.059640
107	5.118473
108	5.177306
109	5.236139
110	5.294972
111	5.353805
112	5.412638
113	5.471471
114	5.530304
115	5.589137
116	5.647970
117	5.706803
118	5.765636
119	5.824469
120	5.883302
121	5.942135
122	6.000968
123	6.059801
124	6.118634
125	6.177467
126	6.236300
127	6.295133
128	6.353966
129	6.412799
130	6.471632
131	6.530465
132	6.589298
133	6.648131
134	6.706964
135	6.765797
136	6.824630
137	6.883463
138	6.942296
139	7.001129
140	7.059962
141	7.118795
142	7.177628
143	7.236461
144	7.295294
145	7.354128
146	7.412961
147	7.471794
148	7.530627
149	7.589460
150	7.648293
151	7.707126
152	7.765959
153	7.824792
154	7.883625
155	7.942458
156	8.001291
157	8.060124
158	8.118957
159	8.177790
160	8.236623
161	8.295456
162	8.354289
163	8.413122
164	8.471955
165	8.530788
166	8.589621
167	8.648454
168	8.707287
169	8.766120
170	8.824953
171	8.883786
172	8.942619
173	9.001452
174	9.060285
175	9.119118
176	9.177951
177	9.236784
178	9.295617
179	9.354450
180	9.413283
181	9.472116
182	9.530949
183	9.589782
184	9.648615
185	9.707448
186	9.766281
187	9.825114
188	9.883947
189	9.942780
190	10.001613
191	10.060446
192	10.119279
193	10.178113
194	10.236946
195	10.295779
196	10.354612
197	10.413445
198	10.472278
199	10.531111
200	10.589944
201	10.648777
202	10.707610
203	10.766443
204	10.825276
205	10.884109
206	10.942942
207	11.001775
208	11.060608
209	11.119441
210	11.178274
211	11.237107
212	11.295940
213	11.354773
214	11.413606
215	11.472439
216	11.531272
217	11.590105
218	11.648938
219	11.707771
220	11.766604
221	11.825437
222	11.884270
223	11.943103
224	12.001936
225	12.060769
226	12.119602
227	12.178435
228	12.237268
229	12.296101
230	12.354934
231	12.413767
232	12.472600
233	12.531433
234	12.590266
235	12.649099
236	12.707932
237	12.766765
238	12.825598
239	12.884431
240	12.943264
241	13.002098
242	13.060931
243	13.119764
244	13.178597
245	13.237430
246	13.296263
247	13.355096
248	13.413929
249	13.472762
250	13.531595
251	13.590428
252	13.649261
253	13.708094
254	13.766927
255	13.825760
256	13.884593
257	13.943426
258	14.002259
259	14.061092
260	14.119925
261	14.178758
262	14.237591
263	14.296424
264	14.355257
265	14.414090
266	14.472923
267	14.531756
268	14.590589
269	14.649422
270	14.708255
271	14.767088
272	14.825921
273	14.884754
274	14.943587
275	15.002420
276	15.061253
277	15.120086
278	15.178919
279	15.237752
280	15.296585
281	15.355418
282	15.414251
283	15.473084
284	15.531917
285	15.590750
286	15.649583
287	15.708416
288	15.767249
289	15.826083
290	15.884916
291	15.943749
292	16.002582
293	16.061415
294	16.120248
295	16.179081
296	16.237914
297	16.296747
298	16.355580
299	16.414413
300	16.473246
301	16.532079
302	16.590912
303	16.649745
304	16.708578
305	16.767411
306	16.826244
307	16.885077
308	16.943910
309	17.002743
310	17.061576
311	17.120409
312	17.179242
313	17.238075
314	17.296908
315	17.355741
316	17.414574
317	17.473407
318	17.532240
319	17.591073
320	17.649906
321	17.708739
322	17.767572
323	17.826405
324	17.885238
325	17.944071
326	18.002904
327	18.061737
328	18.120570
329	18.179403
330	18.238236
331	18.297069
332	18.355902
333	18.414735
334	18.473568
335	18.532401
336	18.591234
337	18.650068
338	18.708901
339	18.767734
340	18.826567
341	18.885400
342	18.944233
343	19.003066
344	19.061899
345	19.120732
346	19.179565
347	19.238398
348	19.297231
349	19.356064
350	19.414897
351	19.473730
352	19.532563
353	19.591396
354	19.650229
355	19.709062
356	19.767895
357	19.826728
358	19.885561
359	19.944394
360	20.003227
361	20.062060
362	20.120893
363	20.179726
364	20.238559
365	20.297392
366	20.356225
367	20.415058
368	20.473891
369	20.532724
370	20.591557
371	20.650390
372	20.709223
373	20.768056
374	20.826889
375	20.885722
376	20.944555
377	21.003388
378	21.062221
379	21.121054
380	21.179887
381	21.238720
382	21.297553
383	21.356386
384	21.415219
385	21.474053
386	21.532886
387	21.591719
388	21.650552
389	21.709385
390	21.768218
391	21.827051
392	21.885884
393	21.944717
394	22.003550
395	22.062383
396	22.121216
397	22.180049
398	22.238882
399	22.297715
400	22.356548
401	22.415381
402	22.474214
403	22.533047
404	22.591880
405	22.650713
406	22.709546
407	22.768379
408	22.827212
409	22.886045
410	22.944878
411	23.003711
412	23.062544
413	23.121377
414	23.180210
415	23.239043
416	23.297876
417	23.356709
418	23.415542
419	23.474375
420	23.533208
421	23.592041
422	23.650874
423	23.709707
424	23.768540
425	23.827373
426	23.886206
427	23.945039
428	24.003872
429	24.062705
430	24.121538
431	24.180371
432	24.239204
433	24.298038
434	24.356871
435	24.415704
436	24.474537
437	24.533370
438	24.592203
439	24.651036
440	24.709869
441	24.768702
442	24.827535
443	24.886368
444	24.945201
445	25.004034
446	25.062867
447	25.121700
448	25.180533
449	25.239366
450	25.298199
451	25.357032
452	25.415865
453	25.474698
454	25.533531
455	25.592364
456	25.651197
457	25.710030
458	25.768863
459	25.827696
460	25.886529
461	25.945362
462	26.004195
463	26.063028
464	26.121861
465	26.180694
466	26.239527
467	26.298360
468	26.357193
469	26.416026
470	26.474859
471	26.533692
472	26.592525
473	26.651358
474	26.710191
475	26.769024
476	26.827857
477	26.886690
478	26.945523
479	27.004356
480	27.063189
481	27.122023
482	27.180856
483	27.239689
484	27.298522
485	27.357355
486	27.416188
487	27.475021
488	27.533854
489	27.592687
490	27.651520
491	27.710353
492	27.769186
493	27.828019
494	27.886852
495	27.945685
496	28.004518
497	28.063351
498	28.122184
499	28.181017
500	28.239850
501	28.298683
502	28.357516
503	28.416349
504	28.475182
505	28.534015
506	28.592848
507	28.651681
508	28.710514
509	28.769347
510	28.828180
511	28.887013
512	28.945846
513	29.004679
514	29.063512
515	29.122345
516	29.181178
517	29.240011
518	29.298844
519	29.357677
520	29.416510
521	29.475343
522	29.534176
523	29.593009
524	29.651842
525	29.710675
526	29.769508
527	29.828341
528	29.887174
529	29.946008
530	30.004841
531	30.063674
532	30.122507
533	30.181340
534	30.240173
535	30.299006
536	30.357839
537	30.416672
538	30.475505
539	30.534338
540	30.593171
541	30.652004
542	30.710837
543	30.769670
544	30.828503
545	30.887336
546	30.946169
547	31.005002
548	31.063835
549	31.122668
550	31.181501
551	31.240334
552	31.299167
553	31.358000
554	31.416833
555	31.475666
556	31.534499
557	31.593332
558	31.652165
559	31.710998
560	31.769831
561	31.828664
562	31.887497
563	31.946330
564	32.005163
565	32.063996
566	32.122829
567	32.181662
568	32.240495
569	32.299328
570	32.358161
571	32.416994
572	32.475827
573	32.534660
574	32.593493
575	32.652326
576	32.711159
577	32.769993
578	32.828826
579	32.887659
580	32.946492
581	33.005325
582	33.064158
583	33.122991
584	33.181824
585	33.240657
586	33.299490
587	33.358323
588	33.417156
589	33.475989
590	33.534822
591	33.593655
592	33.652488
593	33.711321
594	33.770154
595	33.828987
596	33.887820
597	33.946653
598	34.005486
599	34.064319
600	34.123152
601	34.181985
602	34.240818
603	34.299651
604	34.358484
605	34.417317
606	34.476150
607	34.534983
608	34.593816
609	34.652649
610	34.711482
611	34.770315
612	34.829148
613	34.887981
614	34.946814
615	35.005647
616	35.064480
617	35.123313
618	35.182146
619	35.240979
620	35.299812
621	35.358645
622	35.417478
623	35.476311
624	35.535144
625	35.593978
626	35.652811
627	35.711644
628	35.770477
629	35.829310
630	35.888143
631	35.946976
632	36.005809
633	36.064642
634	36.123475
635	36.182308
636	36.241141
637	36.299974
638	36.358807
639	36.417640
640	36.476473
641	36.535306
642	36.594139
643	36.652972
644	36.711805
645	36.770638
646	36.829471
647	36.888304
648	36.947137
649	37.005970
650	37.064803
651	37.123636
652	37.182469
653	37.241302
654	37.300135
655	37.358968
656	37.417801
657	37.476634
658	37.535467
659	37.594300
660	37.653133
661	37.711966
662	37.770799
663	37.829632
664	37.888465
665	37.947298
666	38.006131
667	38.064964
668	38.123797
669	38.182630
670	38.241463
671	38.300296
672	38.359129
673	38.417963
674	38.476796
675	38.535629
676	38.594462
677	38.653295
678	38.712128
679	38.770961
680	38.829794
681	38.888627
682	38.947460
683	39.006293
684	39.065126
685	39.123959
686	39.182792
687	39.241625
688	39.300458
689	39.359291
690	39.418124
691	39.476957
692	39.535790
693	39.594623
694	39.653456
695	39.712289
696	39.771122
697	39.829955
698	39.888788
699	39.947621
700	40.006454
701	40.065287
702	40.124120
703	40.182953
704	40.241786
705	40.300619
706	40.359452
707	40.418285
708	40.477118
709	40.535951
710	40.594784
711	40.653617
712	40.712450
713	40.771283
714	40.830116
715	40.888949
716	40.947782
717	41.006615
718	41.065448
719	41.124281
720	41.183114
721	41.241948
722	41.300781
723	41.359614
724	41.418447
725	41.477280
726	41.536113
727	41.594946
728	41.653779
729	41.712612
730	41.771445
731	41.830278
732	41.889111
733	41.947944
734	42.006777
735	42.065610
736	42.124443
737	42.183276
738	42.242109
739	42.300942
740	42.359775
741	42.418608
742	42.477441
743	42.536274
744	42.595107
745	42.653940
746	42.712773
747	42.771606
748	42.830439
749	42.889272
750	42.948105
751	43.006938
752	43.065771
753	43.124604
754	43.183437
755	43.242270
756	43.301103
757	43.359936
758	43.418769
759	43.477602
760	43.536435
761	43.595268
762	43.654101
763	43.712934
764	43.771767
765	43.830600
766	43.889433
767	43.948266
768	44.007099
769	44.065932
770	44.124766
771	44.183599
772	44.242432
773	44.301265
774	44.360098
775	44.418931
776	44.477764
777	44.536597
778	44.595430
779	44.654263
780	44.713096
781	44.771929
782	44.830762
783	44.889595
784	44.948428
785	45.007261
786	45.066094
787	45.124927
788	45.183760
789	45.242593
790	45.301426
791	45.360259
792	45.419092
793	45.477925
794	45.536758
795	45.595591
796	45.654424
797	45.713257
798	45.772090
799	45.830923
800	45.889756
801	45.948589
802	46.007422
803	46.066255
804	46.125088
805	46.183921
806	46.242754
807	46.301587
808	46.360420
809	46.419253
810	46.478086
811	46.536919
812	46.595752
813	46.654585
814	46.713418
815	46.772251
816	46.831084
817	46.889917
818	46.948751
819	47.007584
820	47.066417
821	47.125250
822	47.184083
823	47.242916
824	47.301749
825	47.360582
826	47.419415
827	47.478248
828	47.537081
829	47.595914
830	47.654747
831	47.713580
832	47.772413
833	47.831246
834	47.890079
835	47.948912
836	48.007745
837	48.066578
838	48.125411
839	48.184244
840	48.243077
841	48.301910
842	48.360743
843	48.419576
844	48.478409
845	48.537242
846	48.596075
847	48.654908
848	48.713741
849	48.772574
850	48.831407
851	48.890240
852	48.949073
853	49.007906
854	49.066739
855	49.125572
856	49.184405
857	49.243238
858	49.302071
859	49.360904
860	49.419737
861	49.478570
862	49.537403
863	49.596236
864	49.655069
865	49.713902
866	49.772736
867	49.831569
868	49.890402
869	49.949235
870	50.008068
871	50.066901
872	50.125734
873	50.184567
874	50.243400
875	50.302233
876	50.361066
877	50.419899
878	50.478732
879	50.537565
880	50.596398
881	50.655231
882	50.714064
883	50.772897
884	50.831730
885	50.890563
886	50.949396
887	51.008229
888	51.067062
889	51.125895
890	51.184728
891	51.243561
892	51.302394
893	51.361227
894	51.420060
895	51.478893
896	51.537726
897	51.596559
898	51.655392
899	51.714225
900	51.773058
901	51.831891
902	51.890724
903	51.949557
904	52.008390
905	52.067223
906	52.126056
907	52.184889
908	52.243722
909	52.302555
910	52.361388
911	52.420221
912	52.479054
913	52.537887
914	52.596721
915	52.655554
916	52.714387
917	52.773220
918	52.832053
919	52.890886
920	52.949719
921	53.008552
922	53.067385
923	53.126218
924	53.185051
925	53.243884
926	53.302717
927	53.361550
928	53.420383
929	53.479216
930	53.538049
931	53.596882
932	53.655715
933	53.714548
934	53.773381
935	53.832214
936	53.891047
937	53.949880
938	54.008713
939	54.067546
940	54.126379
941	54.185212
942	54.244045
943	54.302878
944	54.361711
945	54.420544
946	54.479377
947	54.538210
948	54.597043
949	54.655876
950	54.714709
951	54.773542
952	54.832375
953	54.891208
954	54.950041
955	55.008874
956	55.067707
957	55.126540
958	55.185373
959	55.244206
960	55.303039
961	55.361872
962	55.420706
963	55.479539
964	55.538372
965	55.597205
966	55.656038
967	55.714871
968	55.773704
969	55.832537
970	55.891370
971	55.950203
972	56.009036
973	56.067869
974	56.126702
975	56.185535
976	56.244368
977	56.303201
978	56.362034
979	56.420867
980	56.479700
981	56.538533
982	56.597366
983	56.656199
984	56.715032
985	56.773865
986	56.832698
987	56.891531
988	56.950364
989	57.009197
990	57.068030
991	57.126863
992	57.185696
993	57.244529
994	57.303362
995	57.362195
996	57.421028
997	57.479861
998	57.538694
999	57.597527
1000	57.656360
1001	57.715193
1002	57.774026
1003	57.832859
1004	57.891692
1005	57.950525
1006	58.009358
1007	58.068191
1008	58.127024
1009	58.185857
1010	58.244691
1011	58.303524
1012	58.362357
1013	58.421190
1014	58.480023
1015	58.538856
1016	58.597689
1017	58.656522
1018	58.715355
1019	58.774188
1020	58.833021
1021	58.891854
1022	58.950687
1023	59.009520
1024	59.068353
1025	59.127186
1026	59.186019
1027	59.244852
1028	59.303685
1029	59.362518
1030	59.421351
1031	59.480184
1032	59.539017
1033	59.597850
1034	59.656683
1035	59.715516
1036	59.774349
1037	59.833182
1038	59.892015
1039	59.950848
1040	60.009681
1041	60.068514
1042	60.127347
1043	60.186180
1044	60.245013
1045	60.303846
1046	60.362679
1047	60.421512
1048	60.480345
1049	60.539178
1050	60.598011
1051	60.656844
1052	60.715677
1053	60.774510
1054	60.833343
1055	60.892176
1056	60.951009
1057	61.009842
1058	61.068676
1059	61.127509
1060	61.186342
1061	61.245175
1062	61.304008
1063	61.362841
1064	61.421674
1065	61.480507
1066	61.539340
1067	61.598173
1068	61.657006
1069	61.715839
1070	61.774672
1071	61.833505
1072	61.892338
1073	61.951171
1074	62.010004
1075	62.068837
1076	62.127670
1077	62.186503
1078	62.245336
1079	62.304169
1080	62.363002
1081	62.421835
1082	62.480668
1083	62.539501
1084	62.598334
1085	62.657167
1086	62.716000
1087	62.774833
1088	62.833666
1089	62.892499
1090	62.951332
1091	63.010165
1092	63.068998
1093	63.127831
1094	63.186664
1095	63.245497
1096	63.304330
1097	63.363163
1098	63.421996
1099	63.480829
1100	63.539662
1101	63.598495
1102	63.657328
1103	63.716161
1104	63.774994
1105	63.833827
1106	63.892661
1107	63.951494
1108	64.010327
1109	64.069160
1110	64.127993
1111	64.186826
1112	64.245659
1113	64.304492
1114	64.363325
1115	64.422158
1116	64.480991
1117	64.539824
1118	64.598657
1119	64.657490
1120	64.716323
1121	64.775156
1122	64.833989
1123	64.892822
1124	64.951655
1125	65.010488
1126	65.069321
1127	65.128154
1128	65.186987
1129	65.245820
1130	65.304653
1131	65.363486
1132	65.422319
1133	65.481152
1134	65.539985
1135	65.598818
1136	65.657651
1137	65.716484
1138	65.775317
1139	65.834150
1140	65.892983
1141	65.951816
1142	66.010649
1143	66.069482
1144	66.128315
1145	66.187148
1146	66.245981
1147	66.304814
1148	66.363647
1149	66.422480
1150	66.481313
1151	66.540146
1152	66.598979
1153	66.657812
1154	66.716646
1155	66.775479
1156	66.834312
1157	66.893145
1158	66.951978
1159	67.010811
1160	67.069644
1161	67.128477
1162	67.187310
1163	67.246143
1164	67.304976
1165	67.363809
1166	67.422642
1167	67.481475
1168	67.540308
1169	67.599141
1170	67.657974
1171	67.716807
1172	67.775640
1173	67.834473
1174	67.893306
1175	67.952139
1176	68.010972
1177	68.069805
1178	68.128638
1179	68.187471
1180	68.246304
1181	68.305137
1182	68.363970
1183	68.422803
1184	68.481636
1185	68.540469
1186	68.599302
1187	68.658135
1188	68.716968
1189	68.775801
1190	68.834634
1191	68.893467
1192	68.952300
1193	69.011133
1194	69.069966
1195	69.128799
1196	69.187632
1197	69.246465
1198	69.305298
1199	69.364131
1200	69.422964
1201	69.481797
1202	69.540631
1203	69.599464
1204	69.658297
1205	69.717130
1206	69.775963
1207	69.834796
1208	69.893629
1209	69.952462
1210	70.011295
1211	70.070128
1212	70.128961
1213	70.187794
1214	70.246627
1215	70.305460
1216	70.364293
1217	70.423126
1218	70.481959
1219	70.540792
1220	70.599625
1221	70.658458
1222	70.717291
1223	70.776124
1224	70.834957
1225	70.893790
1226	70.952623
1227	71.011456
1228	71.070289
1229	71.129122
1230	71.187955
1231	71.246788
1232	71.305621
1233	71.364454
1234	71.423287
1235	71.482120
1236	71.540953
1237	71.599786
1238	71.658619
1239	71.717452
1240	71.776285
1241	71.835118
1242	71.893951
1243	71.952784
1244	72.011617
1245	72.070450
1246	72.129283
1247	72.188116
1248	72.246949
1249	72.305782
1250	72.364616
1251	72.423449
1252	72.482282
1253	72.541115
1254	72.599948
1255	72.658781
1256	72.717614
1257	72.776447
1258	72.835280
1259	72.894113
1260	72.952946
1261	73.011779
1262	73.070612
1263	73.129445
1264	73.188278
1265	73.247111
1266	73.305944
1267	73.364777
1268	73.423610
1269	73.482443
1270	73.541276
1271	73.600109
1272	73.658942
1273	73.717775
1274	73.776608
1275	73.835441
1276	73.894274
1277	73.953107
1278	74.011940
1279	74.070773
1280	74.129606
1281	74.188439
1282	74.247272
1283	74.306105
1284	74.364938
1285	74.423771
1286	74.482604
1287	74.541437
1288	74.600270
1289	74.659103
1290	74.717936
1291	74.776769
1292	74.835602
1293	74.894435
1294	74.953268
1295	75.012101
1296	75.070934
1297	75.129767
1298	75.188601
1299	75.247434
1300	75.306267
1301	75.365100
1302	75.423933
1303	75.482766
1304	75.541599
1305	75.600432
1306	75.659265
1307	75.718098
1308	75.776931
1309	75.835764
1310	75.894597
1311	75.953430
1312	76.012263
1313	76.071096
1314	76.129929
1315	76.188762
1316	76.247595
1317	76.306428
1318	76.365261
1319	76.424094
1320	76.482927
1321	76.541760
1322	76.600593
1323	76.659426
1324	76.718259
1325	76.777092
1326	76.835925
1327	76.894758
1328	76.953591
1329	77.012424
1330	77.071257
1331	77.130090
1332	77.188923
1333	77.247756
1334	77.306589
1335	77.365422
1336	77.424255
1337	77.483088
1338	77.541921
1339	77.600754
1340	77.659587
1341	77.718420
1342	77.777253
1343	77.836086
1344	77.894919
1345	77.953752
1346	78.012586
1347	78.071419
1348	78.130252
1349	78.189085
1350	78.247918
1351	78.306751
1352	78.365584
1353	78.424417
1354	78.483250
1355	78.542083
1356	78.600916
1357	78.659749
1358	78.718582
1359	78.777415
1360	78.836248
1361	78.895081
1362	78.953914
1363	79.012747
1364	79.071580
1365	79.130413
1366	79.189246
1367	79.248079
1368	79.306912
1369	79.365745
1370	79.424578
1371	79.483411
1372	79.542244
1373	79.601077
1374	79.659910
1375	79.718743
1376	79.777576
1377	79.836409
1378	79.895242
1379	79.954075
1380	80.012908
1381	80.071741
1382	80.130574
1383	80.189407
1384	80.248240
1385	80.307073
1386	80.365906
1387	80.424739
1388	80.483572
1389	80.542405
1390	80.601238
1391	80.660071
1392	80.718904
1393	80.777737
1394	80.836571
1395	80.895404
1396	80.954237
1397	81.013070
1398	81.071903
1399	81.130736
1400	81.189569
1401	81.248402
1402	81.307235
1403	81.366068
1404	81.424901
1405	81.483734
1406	81.542567
1407	81.601400
1408	81.660233
1409	81.719066
1410	81.777899
1411	81.836732
1412	81.895565
1413	81.954398
1414	82.013231
1415	82.072064
1416	82.130897
1417	82.189730
1418	82.248563
1419	82.307396
1420	82.366229
1421	82.425062
1422	82.483895
1423	82.542728
1424	82.601561
1425	82.660394
1426	82.719227
1427	82.778060
1428	82.836893
1429	82.895726
1430	82.954559
1431	83.013392
1432	83.072225
1433	83.131058
1434	83.189891
1435	83.248724
1436	83.307557
1437	83.366390
1438	83.425223
1439	83.484056
1440	83.542889
1441	83.601722
1442	83.660556
1443	83.719389
1444	83.778222
1445	83.837055
1446	83.895888
1447	83.954721
1448	84.013554
1449	84.072387
1450	84.131220
1451	84.190053
1452	84.248886
1453	84.307719
1454	84.366552
1455	84.425385
1456	84.484218
1457	84.543051
1458	84.601884
1459	84.660717
1460	84.719550
1461	84.778383
1462	84.837216
1463	84.896049
1464	84.954882
1465	85.013715
1466	85.072548
1467	85.131381
1468	85.190214
1469	85.249047
1470	85.307880
1471	85.366713
1472	85.425546
1473	85.484379
1474	85.543212
1475	85.602045
1476	85.660878
1477	85.719711
1478	85.778544
1479	85.837377
1480	85.896210
1481	85.955043
1482	86.013876
1483	86.072709
1484	86.131542
1485	86.190375
1486	86.249208
1487	86.308041
1488	86.366874
1489	86.425707
1490	86.484541
1491	86.543374
1492	86.602207
1493	86.661040
1494	86.719873
1495	86.778706
1496	86.837539
1497	86.896372
1498	86.955205
1499	87.014038
1500	87.072871
1501	87.131704
1502	87.190537
1503	87.249370
1504	87.308203
1505	87.367036
1506	87.425869
1507	87.484702
1508	87.543535
1509	87.602368
1510	87.661201
1511	87.720034
1512	87.778867
1513	87.837700
1514	87.896533
1515	87.955366
1516	88.014199
1517	88.073032
1518	88.131865
1519	88.190698
1520	88.249531
1521	88.308364
1522	88.367197
1523	88.426030
1524	88.484863
1525	88.543696
1526	88.602529
1527	88.661362
1528	88.720195
1529	88.779028
1530	88.837861
1531	88.896694
1532	88.955527
1533	89.014360
1534	89.073193
1535	89.132026
1536	89.190859
1537	89.249692
1538	89.308525
1539	89.367359
1540	89.426192
1541	89.485025
1542	89.543858
1543	89.602691
1544	89.661524
1545	89.720357
1546	89.779190
1547	89.838023
1548	89.896856
1549	89.955689
1550	90.014522
1551	90.073355
1552	90.132188
1553	90.191021
1554	90.249854
1555	90.308687
1556	90.367520
1557	90.426353
1558	90.485186
1559	90.544019
1560	90.602852
1561	90.661685
1562	90.720518
1563	90.779351
1564	90.838184
1565	90.897017
1566	90.955850
1567	91.014683
1568	91.073516
1569	91.132349
1570	91.191182
1571	91.250015
1572	91.308848
1573	91.367681
1574	91.426514
1575	91.485347
1576	91.544180
1577	91.603013
1578	91.661846
1579	91.720679
1580	91.779512
1581	91.838345
1582	91.897178
1583	91.956011
1584	92.014844
1585	92.073677
1586	92.132510
1587	92.191344
1588	92.250177
1589	92.309010
1590	92.367843
1591	92.426676
1592	92.485509
1593	92.544342
1594	92.603175
1595	92.662008
1596	92.720841
1597	92.779674
1598	92.838507
1599	92.897340
1600	92.956173
1601	93.015006
1602	93.073839
1603	93.132672
1604	93.191505
1605	93.250338
1606	93.309171
1607	93.368004
1608	93.426837
1609	93.485670
1610	93.544503
1611	93.603336
1612	93.662169
1613	93.721002
1614	93.779835
1615	93.838668
1616	93.897501
1617	93.956334
1618	94.015167
1619	94.074000
1620	94.132833
1621	94.191666
1622	94.250499
1623	94.309332
1624	94.368165
1625	94.426998
1626	94.485831
1627	94.544664
1628	94.603497
1629	94.662330
1630	94.721163
1631	94.779996
1632	94.838829
1633	94.897662
1634	94.956495
1635	95.015329
1636	95.074162
1637	95.132995
1638	95.191828
1639	95.250661
1640	95.309494
1641	95.368327
1642	95.427160
1643	95.485993
1644	95.544826
1645	95.603659
1646	95.662492
1647	95.721325
1648	95.780158
1649	95.838991
1650	95.897824
1651	95.956657
1652	96.015490
1653	96.074323
1654	96.133156
1655	96.191989
1656	96.250822
1657	96.309655
1658	96.368488
1659	96.427321
1660	96.486154
1661	96.544987
1662	96.603820
1663	96.662653
1664	96.721486
1665	96.780319
1666	96.839152
1667	96.897985
1668	96.956818
1669	97.015651
1670	97.074484
1671	97.133317
1672	97.192150
1673	97.250983
1674	97.309816
1675	97.368649
1676	97.427482
1677	97.486315
1678	97.545148
1679	97.603981
1680	97.662814
1681	97.721647
1682	97.780480
1683	97.839314
1684	97.898147
1685	97.956980
1686	98.015813
1687	98.074646
1688	98.133479
1689	98.192312
1690	98.251145
1691	98.309978
1692	98.368811
1693	98.427644
1694	98.486477
1695	98.545310
1696	98.604143
1697	98.662976
1698	98.721809
1699	98.780642
1700	98.839475
1701	98.898308
1702	98.957141
1703	99.015974
1704	99.074807
1705	99.133640
1706	99.192473
1707	99.251306
1708	99.310139
1709	99.368972
1710	99.427805
1711	99.486638
1712	99.545471
1713	99.604304
1714	99.663137
1715	99.721970
1716	99.780803
1717	99.839636
1718	99.898469
1719	99.957302
1720	100.016135
1721	100.074968
1722	100.133801
1723	100.192634
1724	100.251467
1725	100.310300
1726	100.369133
1727	100.427966
1728	100.486799
1729	100.545632
1730	100.604465
1731	100.663299
1732	100.722132
1733	100.780965
1734	100.839798
1735	100.898631
1736	100.957464
1737	101.016297
1738	101.075130
1739	101.133963
1740	101.192796
1741	101.251629
1742	101.310462
1743	101.369295
1744	101.428128
1745	101.486961
1746	101.545794
1747	101.604627
1748	101.663460
1749	101.722293
1750	101.781126
1751	101.839959
1752	101.898792
1753	101.957625
1754	102.016458
1755	102.075291
1756	102.134124
1757	102.192957
1758	102.251790
1759	102.310623
1760	102.369456
1761	102.428289
1762	102.487122
1763	102.545955
1764	102.604788
1765	102.663621
1766	102.722454
1767	102.781287
1768	102.840120
1769	102.898953
1770	102.957786
1771	103.016619
1772	103.075452
1773	103.134285
1774	103.193118
1775	103.251951
1776	103.310784
1777	103.369617
1778	103.428450
1779	103.487284
1780	103.546117
1781	103.604950
1782	103.663783
1783	103.722616
1784	103.781449
1785	103.840282
1786	103.899115
1787	103.957948
1788	104.016781
1789	104.075614
1790	104.134447
1791	104.193280
1792	104.252113
1793	104.310946
1794	104.369779
1795	104.428612
1796	104.487445
1797	104.546278
1798	104.605111
1799	104.663944
1800	104.722777
1801	104.781610
1802	104.840443
1803	104.899276
1804	104.958109
1805	105.016942
1806	105.075775
1807	105.134608
1808	105.193441
1809	105.252274
1810	105.311107
1811	105.369940
1812	105.428773
1813	105.487606
1814	105.546439
1815	105.605272
1816	105.664105
1817	105.722938
1818	105.781771
1819	105.840604
1820	105.899437
1821	105.958270
1822	106.017103
1823	106.075936
1824	106.134769
1825	106.193602
1826	106.252435
1827	106.311269
1828	106.370102
1829	106.428935
1830	106.487768
1831	106.546601
1832	106.605434
1833	106.664267
1834	106.723100
1835	106.781933
1836	106.840766
1837	106.899599
1838	106.958432
1839	107.017265
1840	107.076098
1841	107.134931
1842	107.193764
1843	107.252597
1844	107.311430
1845	107.370263
1846	107.429096
1847	107.487929
1848	107.546762
1849	107.605595
1850	107.664428
1851	107.723261
1852	107.782094
1853	107.840927
1854	107.899760
1855	107.958593
1856	108.017426
1857	108.076259
1858	108.135092
1859	108.193925
1860	108.252758
1861	108.311591
1862	108.370424
1863	108.429257
1864	108.488090
1865	108.546923
1866	108.605756
1867	108.664589
1868	108.723422
1869	108.782255
1870	108.841088
1871	108.899921
1872	108.958754
1873	109.017587
1874	109.076420
1875	109.135254
1876	109.194087
1877	109.252920
1878	109.311753
1879	109.370586
1880	109.429419
1881	109.488252
1882	109.547085
1883	109.605918
1884	109.664751
1885	109.723584
1886	109.782417
1887	109.841250
1888	109.900083
1889	109.958916
1890	110.017749
1891	110.076582
1892	110.135415
1893	110.194248
1894	110.253081
1895	110.311914
1896	110.370747
1897	110.429580
1898	110.488413
1899	110.547246
1900	110.606079
1901	110.664912
1902	110.723745
1903	110.782578
1904	110.841411
1905	110.900244
1906	110.959077
1907	111.017910
1908	111.076743
1909	111.135576
1910	111.194409
1911	111.253242
1912	111.312075
1913	111.370908
1914	111.429741
1915	111.488574
1916	111.547407
1917	111.606240
1918	111.665073
1919	111.723906
1920	111.782739
1921	111.841572
1922	111.900405
1923	111.959239
1924	112.018072
1925	112.076905
1926	112.135738
1927	112.194571
1928	112.253404
1929	112.312237
1930	112.371070
1931	112.429903
1932	112.488736
1933	112.547569
1934	112.606402
1935	112.665235
1936	112.724068
1937	112.782901
1938	112.841734
1939	112.900567
1940	112.959400
1941	113.018233
1942	113.077066
1943	113.135899
1944	113.194732
1945	113.253565
1946	113.312398
1947	113.371231
1948	113.430064
1949	113.488897
1950	113.547730
1951	113.606563
1952	113.665396
1953	113.724229
1954	113.783062
1955	113.841895
1956	113.900728
1957	113.959561
1958	114.018394
1959	114.077227
1960	114.136060
1961	114.194893
1962	114.253726
1963	114.312559
1964	114.371392
1965	114.430225
1966	114.489058
1967	114.547891
1968	114.606724
1969	114.665557
1970	114.724390
1971	114.783224
1972	114.842057
1973	114.900890
1974	114.959723
1975	115.018556
1976	115.077389
1977	115.136222
1978	115.195055
1979	115.253888
1980	115.312721
1981	115.371554
1982	115.430387
1983	115.489220
1984	115.548053
1985	115.606886
1986	115.665719
1987	115.724552
1988	115.783385
1989	115.842218
1990	115.901051
1991	115.959884
1992	116.018717
1993	116.077550
1994	116.136383
1995	116.195216
1996	116.254049
1997	116.312882
1998	116.371715
1999	116.430548
2000	116.489381
2001	116.548214
2002	116.607047
2003	116.665880
2004	116.724713
2005	116.783546
2006	116.842379
2007	116.901212
2008	116.960045
2009	117.018878
2010	117.077711
2011	117.136544
2012	117.195377
2013	117.254210
2014	117.313043
2015	117.371876
2016	117.430709
2017	117.489542
2018	117.548375
2019	117.607209
2020	117.666042
2021	117.724875
2022	117.783708
2023	117.842541
2024	117.901374
2025	117.960207
2026	118.019040
2027	118.077873
2028	118.136706
2029	118.195539
2030	118.254372
2031	118.313205
2032	118.372038
2033	118.430871
2034	118.489704
2035	118.548537
2036	118.607370
2037	118.666203
2038	118.725036
2039	118.783869
2040	118.842702
2041	118.901535
2042	118.960368
2043	119.019201
2044	119.078034
2045	119.136867
2046	119.195700
2047	119.254533
