0	-1.189377
1	-1.129908
2	-1.070439
3	-1.010970
4	-0.951501
5	-0.892032
6	-0.832564
7	-0.773095
8	-0.713626
9	-0.654157
10	-0.594688
11	-0.535219
12	-0.475751
13	-0.416282
14	-0.356813
15	-0.297344
16	-0.237875
17	-0.178406
18	-0.118938
19	-0.059469
20	0.000000
21	0.059469
22	0.118938
23	0.178406
24	0.237875
25	0.297344
26	0.356813
27	0.416282
28	0.475751
29	0.535219
30	0.594688
31	0.654157
32	0.713626
33	0.773095
34	0.832564
35	0.892032
36	0.951501
37	1.010970
38	1.070439
39	1.129908
40	1.189377
41	1.248845
42	1.308314
43	1.367783
44	1.427252
45	1.486721
46	1.546189
47	1.605658
48	1.665127
49	1.724596
50	1.784065
51	1.843534
52	1.903002
53	1.962471
54	2.021940
55	2.081409
56	2.140878
57	2.200347
58	2.259815
59	2.319284
60	2.378753
61	2.438222
62	2.497691
63	2.557160
64	2.616628
65	2.676097
66	2.735566
67	2.795035
68	2.854504
69	2.913972
70	2.973441
71	3.032910
72	3.092379
73	3.151848
74	3.211317
75	3.270785
76	3.330254
77	3.389723
78	3.449192
79	3.508661
80	3.568130
81	3.627598
82	3.687067
83	3.746536
84	3.806005
85	3.865474
86	3.924943
87	3.984411
88	4.043880
89	4.103349
90	4.162818
91	4.222287
92	4.281755
93	4.341224
94	4.400693
95	4.460162
96	4.519631
97	4.579100
98	4.638568
99	4.698037
100	4.757506
101	4.816975
102	4.876444
103	4.935913
104	4.995381
105	5.054850
106	5.114319
107	5.173788
108	5.233257
109	5.292726
110	5.352194
111	5.411663
112	5.471132
113	5.530601
114	5.590070
115	5.649538
116	5.709007
117	5.768476
118	5.827945
119	5.887414
120	5.946883
121	6.006351
122	6.065820
123	6.125289
124	6.184758
125	6.244227
126	6.303696
127	6.363164
128	6.422633
129	6.482102
130	6.541571
131	6.601040
132	6.660509
133	6.719977
134	6.779446
135	6.838915
136	6.898384
137	6.957853
138	7.017321
139	7.076790
140	7.136259
141	7.195728
142	7.255197
143	7.314666
144	7.374134
145	7.433603
146	7.493072
147	7.552541
148	7.612010
149	7.671479
150	7.730947
151	7.790416
152	7.849885
153	7.909354
154	7.968823
155	8.028292
156	8.087760
157	8.147229
158	8.206698
159	8.266167
160	8.325636
161	8.385104
162	8.444573
163	8.504042
164	8.563511
165	8.622980
166	8.682449
167	8.741917
168	8.801386
169	8.860855
170	8.920324
171	8.979793
172	9.039262
173	9.098730
174	9.158199
175	9.217668
176	9.277137
177	9.336606
178	9.396075
179	9.455543
180	9.515012
181	9.574481
182	9.633950
183	9.693419
184	9.752887
185	9.812356
186	9.871825
187	9.931294
188	9.990763
189	10.050232
190	10.109700
191	10.169169
192	10.228638
193	10.288107
194	10.347576
195	10.407045
196	10.466513
197	10.525982
198	10.585451
199	10.644920
200	10.704389
201	10.763858
202	10.823326
203	10.882795
204	10.942264
205	11.001733
206	11.061202
207	11.120670
208	11.180139
209	11.239608
210	11.299077
211	11.358546
212	11.418015
213	11.477483
214	11.536952
215	11.596421
216	11.655890
217	11.715359
218	11.774828
219	11.834296
220	11.893765
221	11.953234
222	12.012703
223	12.072172
224	12.131641
225	12.191109
226	12.250578
227	12.310047
228	12.369516
229	12.428985
230	12.488453
231	12.547922
232	12.607391
233	12.666860
234	12.726329
235	12.785798
236	12.845266
237	12.904735
238	12.964204
239	13.023673
240	13.083142
241	13.142611
242	13.202079
243	13.261548
244	13.321017
245	13.380486
246	13.439955
247	13.499424
248	13.558892
249	13.618361
250	13.677830
251	13.737299
252	13.796768
253	13.856236
254	13.915705
255	13.975174
256	14.034643
257	14.094112
258	14.153581
259	14.213049
260	14.272518
261	14.331987
262	14.391456
263	14.450925
264	14.510394
265	14.569862
266	14.629331
267	14.688800
268	14.748269
269	14.807738
270	14.867207
271	14.926675
272	14.986144
273	15.045613
274	15.105082
275	15.164551
276	15.224019
277	15.283488
278	15.342957
279	15.402426
280	15.461895
281	15.521364
282	15.580832
283	15.640301
284	15.699770
285	15.759239
286	15.818708
287	15.878177
288	15.937645
289	15.997114
290	16.056583
291	16.116052
292	16.175521
293	16.234990
294	16.294458
295	16.353927
296	16.413396
297	16.472865
298	16.532334
299	16.591802
300	16.651271
301	16.710740
302	16.770209
303	16.829678
304	16.889147
305	16.948615
306	17.008084
307	17.067553
308	17.127022
309	17.186491
310	17.245960
311	17.305428
312	17.364897
313	17.424366
314	17.483835
315	17.543304
316	17.602773
317	17.662241
318	17.721710
319	17.781179
320	17.840648
321	17.900117
322	17.959585
323	18.019054
324	18.078523
325	18.137992
326	18.197461
327	18.256930
328	18.316398
329	18.375867
330	18.435336
331	18.494805
332	18.554274
333	18.613743
334	18.673211
335	18.732680
336	18.792149
337	18.851618
338	18.911087
339	18.970556
340	19.030024
341	19.089493
342	19.148962
343	19.208431
344	19.267900
345	19.327368
346	19.386837
347	19.446306
348	19.505775
349	19.565244
350	19.624713
351	19.684181
352	19.743650
353	19.803119
354	19.862588
355	19.922057
356	19.981526
357	20.040994
358	20.100463
359	20.159932
360	20.219401
361	20.278870
362	20.338339
363	20.397807
364	20.457276
365	20.516745
366	20.576214
367	20.635683
368	20.695151
369	20.754620
370	20.814089
371	20.873558
372	20.933027
373	20.992496
374	21.051964
375	21.111433
376	21.170902
377	21.230371
378	21.289840
379	21.349309
380	21.408777
381	21.468246
382	21.527715
383	21.587184
384	21.646653
385	21.706122
386	21.765590
387	21.825059
388	21.884528
389	21.943997
390	22.003466
391	22.062934
392	22.122403
393	22.181872
394	22.241341
395	22.300810
396	22.360279
397	22.419747
398	22.479216
399	22.538685
400	22.598154
401	22.657623
402	22.717092
403	22.776560
404	22.836029
405	22.895498
406	22.954967
407	23.014436
408	23.073905
409	23.133373
410	23.192842
411	23.252311
412	23.311780
413	23.371249
414	23.430717
415	23.490186
416	23.549655
417	23.609124
418	23.668593
419	23.728062
420	23.787530
421	23.846999
422	23.906468
423	23.965937
424	24.025406
425	24.084875
426	24.144343
427	24.203812
428	24.263281
429	24.322750
430	24.382219
431	24.441688
432	24.501156
433	24.560625
434	24.620094
435	24.679563
436	24.739032
437	24.798500
438	24.857969
439	24.917438
440	24.976907
441	25.036376
442	25.095845
443	25.155313
444	25.214782
445	25.274251
446	25.333720
447	25.393189
448	25.452658
449	25.512126
450	25.571595
451	25.631064
452	25.690533
453	25.750002
454	25.809471
455	25.868939
456	25.928408
457	25.987877
458	26.047346
459	26.106815
460	26.166283
461	26.225752
462	26.285221
463	26.344690
464	26.404159
465	26.463628
466	26.523096
467	26.582565
468	26.642034
469	26.701503
470	26.760972
471	26.820441
472	26.879909
473	26.939378
474	26.998847
475	27.058316
476	27.117785
477	27.177254
478	27.236722
479	27.296191
480	27.355660
481	27.415129
482	27.474598
483	27.534066
484	27.593535
485	27.653004
486	27.712473
487	27.771942
488	27.831411
489	27.890879
490	27.950348
491	28.009817
492	28.069286
493	28.128755
494	28.188224
495	28.247692
496	28.307161
497	28.366630
498	28.426099
499	28.485568
500	28.545037
501	28.604505
502	28.663974
503	28.723443
504	28.782912
505	28.842381
506	28.901849
507	28.961318
508	29.020787
509	29.080256
510	29.139725
511	29.199194
512	29.258662
513	29.318131
514	29.377600
515	29.437069
516	29.496538
517	29.556007
518	29.615475
519	29.674944
520	29.734413
521	29.793882
522	29.853351
523	29.912820
524	29.972288
525	30.031757
526	30.091226
527	30.150695
528	30.210164
529	30.269632
530	30.329101
531	30.388570
532	30.448039
533	30.507508
534	30.566977
535	30.626445
536	30.685914
537	30.745383
538	30.804852
539	30.864321
540	30.923790
541	30.983258
542	31.042727
543	31.102196
544	31.161665
545	31.221134
546	31.280603
547	31.340071
548	31.399540
549	31.459009
550	31.518478
551	31.577947
552	31.637415
553	31.696884
554	31.756353
555	31.815822
556	31.875291
557	31.934760
558	31.994228
559	32.053697
560	32.113166
561	32.172635
562	32.232104
563	32.291573
564	32.351041
565	32.410510
566	32.469979
567	32.529448
568	32.588917
569	32.648386
570	32.707854
571	32.767323
572	32.826792
573	32.886261
574	32.945730
575	33.005198
576	33.064667
577	33.124136
578	33.183605
579	33.243074
580	33.302543
581	33.362011
582	33.421480
583	33.480949
584	33.540418
585	33.599887
586	33.659356
587	33.718824
588	33.778293
589	33.837762
590	33.897231
591	33.956700
592	34.016169
593	34.075637
594	34.135106
595	34.194575
596	34.254044
597	34.313513
598	34.372981
599	34.432450
600	34.491919
601	34.551388
602	34.610857
603	34.670326
604	34.729794
605	34.789263
606	34.848732
607	34.908201
608	34.967670
609	35.027139
610	35.086607
611	35.146076
612	35.205545
613	35.265014
614	35.324483
615	35.383952
616	35.443420
617	35.502889
618	35.562358
619	35.621827
620	35.681296
621	35.740764
622	35.800233
623	35.859702
624	35.919171
625	35.978640
626	36.038109
627	36.097577
628	36.157046
629	36.216515
630	36.275984
631	36.335453
632	36.394922
633	36.454390
634	36.513859
635	36.573328
636	36.632797
637	36.692266
638	36.751735
639	36.811203
640	36.870672
641	36.930141
642	36.989610
643	37.049079
644	37.108547
645	37.168016
646	37.227485
647	37.286954
648	37.346423
649	37.405892
650	37.465360
651	37.524829
652	37.584298
653	37.643767
654	37.703236
655	37.762705
656	37.822173
657	37.881642
658	37.941111
659	38.000580
660	38.060049
661	38.119518
662	38.178986
663	38.238455
664	38.297924
665	38.357393
666	38.416862
667	38.476330
668	38.535799
669	38.595268
670	38.654737
671	38.714206
672	38.773675
673	38.833143
674	38.892612
675	38.952081
676	39.011550
677	39.071019
678	39.130488
679	39.189956
680	39.249425
681	39.308894
682	39.368363
683	39.427832
684	39.487301
685	39.546769
686	39.606238
687	39.665707
688	39.725176
689	39.784645
690	39.844113
691	39.903582
692	39.963051
693	40.022520
694	40.081989
695	40.141458
696	40.200926
697	40.260395
698	40.319864
699	40.379333
700	40.438802
701	40.498271
702	40.557739
703	40.617208
704	40.676677
705	40.736146
706	40.795615
707	40.855084
708	40.914552
709	40.974021
710	41.033490
711	41.092959
712	41.152428
713	41.211896
714	41.271365
715	41.330834
716	41.390303
717	41.449772
718	41.509241
719	41.568709
720	41.628178
721	41.687647
722	41.747116
723	41.806585
724	41.866054
725	41.925522
726	41.984991
727	42.044460
728	42.103929
729	42.163398
730	42.222867
731	42.282335
732	42.341804
733	42.401273
734	42.460742
735	42.520211
736	42.579679
737	42.639148
738	42.698617
739	42.758086
740	42.817555
741	42.877024
742	42.936492
743	42.995961
744	43.055430
745	43.114899
746	43.174368
747	43.233837
748	43.293305
749	43.352774
750	43.412243
751	43.471712
752	43.531181
753	43.590650
754	43.650118
755	43.709587
756	43.769056
757	43.828525
758	43.887994
759	43.947462
760	44.006931
761	44.066400
762	44.125869
763	44.185338
764	44.244807
765	44.304275
766	44.363744
767	44.423213
768	44.482682
769	44.542151
770	44.601620
771	44.661088
772	44.720557
773	44.780026
774	44.839495
775	44.898964
776	44.958432
777	45.017901
778	45.077370
779	45.136839
780	45.196308
781	45.255777
782	45.315245
783	45.374714
784	45.434183
785	45.493652
786	45.553121
787	45.612590
788	45.672058
789	45.731527
790	45.790996
791	45.850465
792	45.909934
793	45.969403
794	46.028871
795	46.088340
796	46.147809
797	46.207278
798	46.266747
799	46.326215
800	46.385684
801	46.445153
802	46.504622
803	46.564091
804	46.623560
805	46.683028
806	46.742497
807	46.801966
808	46.861435
809	46.920904
810	46.980373
811	47.039841
812	47.099310
813	47.158779
814	47.218248
815	47.277717
816	47.337186
817	47.396654
818	47.456123
819	47.515592
820	47.575061
821	47.634530
822	47.693998
823	47.753467
824	47.812936
825	47.872405
826	47.931874
827	47.991343
828	48.050811
829	48.110280
830	48.169749
831	48.229218
832	48.288687
833	48.348156
834	48.407624
835	48.467093
836	48.526562
837	48.586031
838	48.645500
839	48.704969
840	48.764437
841	48.823906
842	48.883375
843	48.942844
844	49.002313
845	49.061781
846	49.121250
847	49.180719
848	49.240188
849	49.299657
850	49.359126
851	49.418594
852	49.478063
853	49.537532
854	49.597001
855	49.656470
856	49.715939
857	49.775407
858	49.834876
859	49.894345
860	49.953814
861	50.013283
862	50.072752
863	50.132220
864	50.191689
865	50.251158
866	50.310627
867	50.370096
868	50.429564
869	50.489033
870	50.548502
871	50.607971
872	50.667440
873	50.726909
874	50.786377
875	50.845846
876	50.905315
877	50.964784
878	51.024253
879	51.083722
880	51.143190
881	51.202659
882	51.262128
883	51.321597
884	51.381066
885	51.440535
886	51.500003
887	51.559472
888	51.618941
889	51.678410
890	51.737879
891	51.797347
892	51.856816
893	51.916285
894	51.975754
895	52.035223
896	52.094692
897	52.154160
898	52.213629
899	52.273098
900	52.332567
901	52.392036
902	52.451505
903	52.510973
904	52.570442
905	52.629911
906	52.689380
907	52.748849
908	52.808318
909	52.867786
910	52.927255
911	52.986724
912	53.046193
913	53.105662
914	53.165130
915	53.224599
916	53.284068
917	53.343537
918	53.403006
919	53.462475
920	53.521943
921	53.581412
922	53.640881
923	53.700350
924	53.759819
925	53.819288
926	53.878756
927	53.938225
928	53.997694
929	54.057163
930	54.116632
931	54.176101
932	54.235569
933	54.295038
934	54.354507
935	54.413976
936	54.473445
937	54.532913
938	54.592382
939	54.651851
940	54.711320
941	54.770789
942	54.830258
943	54.889726
944	54.949195
945	55.008664
946	55.068133
947	55.127602
948	55.187071
949	55.246539
950	55.306008
951	55.365477
952	55.424946
953	55.484415
954	55.543884
955	55.603352
956	55.662821
957	55.722290
958	55.781759
959	55.841228
960	55.900696
961	55.960165
962	56.019634
963	56.079103
964	56.138572
965	56.198041
966	56.257509
967	56.316978
968	56.376447
969	56.435916
970	56.495385
971	56.554854
972	56.614322
973	56.673791
974	56.733260
975	56.792729
976	56.852198
977	56.911667
978	56.971135
979	57.030604
980	57.090073
981	57.149542
982	57.209011
983	57.268479
984	57.327948
985	57.387417
986	57.446886
987	57.506355
988	57.565824
989	57.625292
990	57.684761
991	57.744230
992	57.803699
993	57.863168
994	57.922637
995	57.982105
996	58.041574
997	58.101043
998	58.160512
999	58.219981
1000	58.279450
1001	58.338918
1002	58.398387
1003	58.457856
1004	58.517325
1005	58.576794
1006	58.636262
1007	58.695731
1008	58.755200
1009	58.814669
1010	58.874138
1011	58.933607
1012	58.993075
1013	59.052544
1014	59.112013
1015	59.171482
1016	59.230951
1017	59.290420
1018	59.349888
1019	59.409357
1020	59.468826
1021	59.528295
1022	59.587764
1023	59.647233
1024	59.706701
1025	59.766170
1026	59.825639
1027	59.885108
1028	59.944577
1029	60.004045
1030	60.063514
1031	60.122983
1032	60.182452
1033	60.241921
1034	60.301390
1035	60.360858
1036	60.420327
1037	60.479796
1038	60.539265
1039	60.598734
1040	60.658203
1041	60.717671
1042	60.777140
1043	60.836609
1044	60.896078
1045	60.955547
1046	61.015016
1047	61.074484
1048	61.133953
1049	61.193422
1050	61.252891
1051	61.312360
1052	61.371828
1053	61.431297
1054	61.490766
1055	61.550235
1056	61.609704
1057	61.669173
1058	61.728641
1059	61.788110
1060	61.847579
1061	61.907048
1062	61.966517
1063	62.025986
1064	62.085454
1065	62.144923
1066	62.204392
1067	62.263861
1068	62.323330
1069	62.382799
1070	62.442267
1071	62.501736
1072	62.561205
1073	62.620674
1074	62.680143
1075	62.739611
1076	62.799080
1077	62.858549
1078	62.918018
1079	62.977487
1080	63.036956
1081	63.096424
1082	63.155893
1083	63.215362
1084	63.274831
1085	63.334300
1086	63.393769
1087	63.453237
1088	63.512706
1089	63.572175
1090	63.631644
1091	63.691113
1092	63.750582
1093	63.810050
1094	63.869519
1095	63.928988
1096	63.988457
1097	64.047926
1098	64.107394
1099	64.166863
1100	64.226332
1101	64.285801
1102	64.345270
1103	64.404739
1104	64.464207
1105	64.523676
1106	64.583145
1107	64.642614
1108	64.702083
1109	64.761552
1110	64.821020
1111	64.880489
1112	64.939958
1113	64.999427
1114	65.058896
1115	65.118365
1116	65.177833
1117	65.237302
1118	65.296771
1119	65.356240
1120	65.415709
1121	65.475177
1122	65.534646
1123	65.594115
1124	65.653584
1125	65.713053
1126	65.772522
1127	65.831990
1128	65.891459
1129	65.950928
1130	66.010397
1131	66.069866
1132	66.129335
1133	66.188803
1134	66.248272
1135	66.307741
1136	66.367210
1137	66.426679
1138	66.486148
1139	66.545616
1140	66.605085
1141	66.664554
1142	66.724023
1143	66.783492
1144	66.842960
1145	66.902429
1146	66.961898
1147	67.021367
1148	67.080836
1149	67.140305
1150	67.199773
1151	67.259242
1152	67.318711
1153	67.378180
1154	67.437649
1155	67.497118
1156	67.556586
1157	67.616055
1158	67.675524
1159	67.734993
1160	67.794462
1161	67.853931
1162	67.913399
1163	67.972868
1164	68.032337
1165	68.091806
1166	68.151275
1167	68.210743
1168	68.270212
1169	68.329681
1170	68.389150
1171	68.448619
1172	68.508088
1173	68.567556
1174	68.627025
1175	68.686494
1176	68.745963
1177	68.805432
1178	68.864901
1179	68.924369
1180	68.983838
1181	69.043307
1182	69.102776
1183	69.162245
1184	69.221714
1185	69.281182
1186	69.340651
1187	69.400120
1188	69.459589
1189	69.519058
1190	69.578526
1191	69.637995
1192	69.697464
1193	69.756933
1194	69.816402
1195	69.875871
1196	69.935339
1197	69.994808
1198	70.054277
1199	70.113746
1200	70.173215
1201	70.232684
1202	70.292152
1203	70.351621
1204	70.411090
1205	70.470559
1206	70.530028
1207	70.589497
1208	70.648965
1209	70.708434
1210	70.767903
1211	70.827372
1212	70.886841
1213	70.946309
1214	71.005778
1215	71.065247
1216	71.124716
1217	71.184185
1218	71.243654
1219	71.303122
1220	71.362591
1221	71.422060
1222	71.481529
1223	71.540998
1224	71.600467
1225	71.659935
1226	71.719404
1227	71.778873
1228	71.838342
1229	71.897811
1230	71.957280
1231	72.016748
1232	72.076217
1233	72.135686
1234	72.195155
1235	72.254624
1236	72.314092
1237	72.373561
1238	72.433030
1239	72.492499
1240	72.551968
1241	72.611437
1242	72.670905
1243	72.730374
1244	72.789843
1245	72.849312
1246	72.908781
1247	72.968250
1248	73.027718
1249	73.087187
1250	73.146656
1251	73.206125
1252	73.265594
1253	73.325063
1254	73.384531
1255	73.444000
1256	73.503469
1257	73.562938
1258	73.622407
1259	73.681875
1260	73.741344
1261	73.800813
1262	73.860282
1263	73.919751
1264	73.979220
1265	74.038688
1266	74.098157
1267	74.157626
1268	74.217095
1269	74.276564
1270	74.336033
1271	74.395501
1272	74.454970
1273	74.514439
1274	74.573908
1275	74.633377
1276	74.692846
1277	74.752314
1278	74.811783
1279	74.871252
1280	74.930721
1281	74.990190
1282	75.049658
1283	75.109127
1284	75.168596
1285	75.228065
1286	75.287534
1287	75.347003
1288	75.406471
1289	75.465940
1290	75.525409
1291	75.584878
1292	75.644347
1293	75.703816
1294	75.763284
1295	75.822753
1296	75.882222
1297	75.941691
1298	76.001160
1299	76.060629
1300	76.120097
1301	76.179566
1302	76.239035
1303	76.298504
1304	76.357973
1305	76.417441
1306	76.476910
1307	76.536379
1308	76.595848
1309	76.655317
1310	76.714786
1311	76.774254
1312	76.833723
1313	76.893192
1314	76.952661
1315	77.012130
1316	77.071599
1317	77.131067
1318	77.190536
1319	77.250005
1320	77.309474
1321	77.368943
1322	77.428412
1323	77.487880
1324	77.547349
1325	77.606818
1326	77.666287
1327	77.725756
1328	77.785224
1329	77.844693
1330	77.904162
1331	77.963631
1332	78.023100
1333	78.082569
1334	78.142037
1335	78.201506
1336	78.260975
1337	78.320444
1338	78.379913
1339	78.439382
1340	78.498850
1341	78.558319
1342	78.617788
1343	78.677257
1344	78.736726
1345	78.796195
1346	78.855663
1347	78.915132
1348	78.974601
1349	79.034070
1350	79.093539
1351	79.153007
1352	79.212476
1353	79.271945
1354	79.331414
1355	79.390883
1356	79.450352
1357	79.509820
1358	79.569289
1359	79.628758
1360	79.688227
1361	79.747696
1362	79.807165
1363	79.866633
1364	79.926102
1365	79.985571
1366	80.045040
1367	80.104509
1368	80.163978
1369	80.223446
1370	80.282915
1371	80.342384
1372	80.401853
1373	80.461322
1374	80.520790
1375	80.580259
1376	80.639728
1377	80.699197
1378	80.758666
1379	80.818135
1380	80.877603
1381	80.937072
1382	80.996541
1383	81.056010
1384	81.115479
1385	81.174948
1386	81.234416
1387	81.293885
1388	81.353354
1389	81.412823
1390	81.472292
1391	81.531761
1392	81.591229
1393	81.650698
1394	81.710167
1395	81.769636
1396	81.829105
1397	81.888573
1398	81.948042
1399	82.007511
1400	82.066980
1401	82.126449
1402	82.185918
1403	82.245386
1404	82.304855
1405	82.364324
1406	82.423793
1407	82.483262
1408	82.542731
1409	82.602199
1410	82.661668
1411	82.721137
1412	82.780606
1413	82.840075
1414	82.899544
1415	82.959012
1416	83.018481
1417	83.077950
1418	83.137419
1419	83.196888
1420	83.256356
1421	83.315825
1422	83.375294
1423	83.434763
1424	83.494232
1425	83.553701
1426	83.613169
1427	83.672638
1428	83.732107
1429	83.791576
1430	83.851045
1431	83.910514
1432	83.969982
1433	84.029451
1434	84.088920
1435	84.148389
1436	84.207858
1437	84.267327
1438	84.326795
1439	84.386264
1440	84.445733
1441	84.505202
1442	84.564671
1443	84.624139
1444	84.683608
1445	84.743077
1446	84.802546
1447	84.862015
1448	84.921484
1449	84.980952
1450	85.040421
1451	85.099890
1452	85.159359
1453	85.218828
1454	85.278297
1455	85.337765
1456	85.397234
1457	85.456703
1458	85.516172
1459	85.575641
1460	85.635110
1461	85.694578
1462	85.754047
1463	85.813516
1464	85.872985
1465	85.932454
1466	85.991922
1467	86.051391
1468	86.110860
1469	86.170329
1470	86.229798
1471	86.289267
1472	86.348735
1473	86.408204
1474	86.467673
1475	86.527142
1476	86.586611
1477	86.646080
1478	86.705548
1479	86.765017
1480	86.824486
1481	86.883955
1482	86.943424
1483	87.002893
1484	87.062361
1485	87.121830
1486	87.181299
1487	87.240768
1488	87.300237
1489	87.359705
1490	87.419174
1491	87.478643
1492	87.538112
1493	87.597581
1494	87.657050
1495	87.716518
1496	87.775987
1497	87.835456
1498	87.894925
1499	87.954394
1500	88.013863
1501	88.073331
1502	88.132800
1503	88.192269
1504	88.251738
1505	88.311207
1506	88.370676
1507	88.430144
1508	88.489613
1509	88.549082
1510	88.608551
1511	88.668020
1512	88.727488
1513	88.786957
1514	88.846426
1515	88.905895
1516	88.965364
1517	89.024833
1518	89.084301
1519	89.143770
1520	89.203239
1521	89.262708
1522	89.322177
1523	89.381646
1524	89.441114
1525	89.500583
1526	89.560052
1527	89.619521
1528	89.678990
1529	89.738459
1530	89.797927
1531	89.857396
1532	89.916865
1533	89.976334
1534	90.035803
1535	90.095271
1536	90.154740
1537	90.214209
1538	90.273678
1539	90.333147
1540	90.392616
1541	90.452084
1542	90.511553
1543	90.571022
1544	90.630491
1545	90.689960
1546	90.749429
1547	90.808897
1548	90.868366
1549	90.927835
1550	90.987304
1551	91.046773
1552	91.106242
1553	91.165710
1554	91.225179
1555	91.284648
1556	91.344117
1557	91.403586
1558	91.463054
1559	91.522523
1560	91.581992
1561	91.641461
1562	91.700930
1563	91.760399
1564	91.819867
1565	91.879336
1566	91.938805
1567	91.998274
1568	92.057743
1569	92.117212
1570	92.176680
1571	92.236149
1572	92.295618
1573	92.355087
1574	92.414556
1575	92.474025
1576	92.533493
1577	92.592962
1578	92.652431
1579	92.711900
1580	92.771369
1581	92.830837
1582	92.890306
1583	92.949775
1584	93.009244
1585	93.068713
1586	93.128182
1587	93.187650
1588	93.247119
1589	93.306588
1590	93.366057
1591	93.425526
1592	93.484995
1593	93.544463
1594	93.603932
1595	93.663401
1596	93.722870
1597	93.782339
1598	93.841808
1599	93.901276
1600	93.960745
1601	94.020214
1602	94.079683
1603	94.139152
1604	94.198620
1605	94.258089
1606	94.317558
1607	94.377027
1608	94.436496
1609	94.495965
1610	94.555433
1611	94.614902
1612	94.674371
1613	94.733840
1614	94.793309
1615	94.852778
1616	94.912246
1617	94.971715
1618	95.031184
1619	95.090653
1620	95.150122
1621	95.209591
1622	95.269059
1623	95.328528
1624	95.387997
1625	95.447466
1626	95.506935
1627	95.566403
1628	95.625872
1629	95.685341
1630	95.744810
1631	95.804279
1632	95.863748
1633	95.923216
1634	95.982685
1635	96.042154
1636	96.101623
1637	96.161092
1638	96.220561
1639	96.280029
1640	96.339498
1641	96.398967
1642	96.458436
1643	96.517905
1644	96.577374
1645	96.636842
1646	96.696311
1647	96.755780
1648	96.815249
1649	96.874718
1650	96.934186
1651	96.993655
1652	97.053124
1653	97.112593
1654	97.172062
1655	97.231531
1656	97.290999
1657	97.350468
1658	97.409937
1659	97.469406
1660	97.528875
1661	97.588344
1662	97.647812
1663	97.707281
1664	97.766750
1665	97.826219
1666	97.885688
1667	97.945157
1668	98.004625
1669	98.064094
1670	98.123563
1671	98.183032
1672	98.242501
1673	98.301969
1674	98.361438
1675	98.420907
1676	98.480376
1677	98.539845
1678	98.599314
1679	98.658782
1680	98.718251
1681	98.777720
1682	98.837189
1683	98.896658
1684	98.956127
1685	99.015595
1686	99.075064
1687	99.134533
1688	99.194002
1689	99.253471
1690	99.312940
1691	99.372408
1692	99.431877
1693	99.491346
1694	99.550815
1695	99.610284
1696	99.669752
1697	99.729221
1698	99.788690
1699	99.848159
1700	99.907628
1701	99.967097
1702	100.026565
1703	100.086034
1704	100.145503
1705	100.204972
1706	100.264441
1707	100.323910
1708	100.383378
1709	100.442847
1710	100.502316
1711	100.561785
1712	100.621254
1713	100.680723
1714	100.740191
1715	100.799660
1716	100.859129
1717	100.918598
1718	100.978067
1719	101.037535
1720	101.097004
1721	101.156473
1722	101.215942
1723	101.275411
1724	101.334880
1725	101.394348
1726	101.453817
1727	101.513286
1728	101.572755
1729	101.632224
1730	101.691693
1731	101.751161
1732	101.810630
1733	101.870099
1734	101.929568
1735	101.989037
1736	102.048506
1737	102.107974
1738	102.167443
1739	102.226912
1740	102.286381
1741	102.345850
1742	102.405318
1743	102.464787
1744	102.524256
1745	102.583725
1746	102.643194
1747	102.702663
1748	102.762131
1749	102.821600
1750	102.881069
1751	102.940538
1752	103.000007
1753	103.059476
1754	103.118944
1755	103.178413
1756	103.237882
1757	103.297351
1758	103.356820
1759	103.416289
1760	103.475757
1761	103.535226
1762	103.594695
1763	103.654164
1764	103.713633
1765	103.773101
1766	103.832570
1767	103.892039
1768	103.951508
1769	104.010977
1770	104.070446
1771	104.129914
1772	104.189383
1773	104.248852
1774	104.308321
1775	104.367790
1776	104.427259
1777	104.486727
1778	104.546196
1779	104.605665
1780	104.665134
1781	104.724603
1782	104.784072
1783	104.843540
1784	104.903009
1785	104.962478
1786	105.021947
1787	105.081416
1788	105.140884
1789	105.200353
1790	105.259822
1791	105.319291
1792	105.378760
1793	105.438229
1794	105.497697
1795	105.557166
1796	105.616635
1797	105.676104
1798	105.735573
1799	105.795042
1800	105.854510
1801	105.913979
1802	105.973448
1803	106.032917
1804	106.092386
1805	106.151855
1806	106.211323
1807	106.270792
1808	106.330261
1809	106.389730
1810	106.449199
1811	106.508667
1812	106.568136
1813	106.627605
1814	106.687074
1815	106.746543
1816	106.806012
1817	106.865480
1818	106.924949
1819	106.984418
1820	107.043887
1821	107.103356
1822	107.162825
1823	107.222293
1824	107.281762
1825	107.341231
1826	107.400700
1827	107.460169
1828	107.519638
1829	107.579106
1830	107.638575
1831	107.698044
1832	107.757513
1833	107.816982
1834	107.876450
1835	107.935919
1836	107.995388
1837	108.054857
1838	108.114326
1839	108.173795
1840	108.233263
1841	108.292732
1842	108.352201
1843	108.411670
1844	108.471139
1845	108.530608
1846	108.590076
1847	108.649545
1848	108.709014
1849	108.768483
1850	108.827952
1851	108.887421
1852	108.946889
1853	109.006358
1854	109.065827
1855	109.125296
1856	109.184765
1857	109.244233
1858	109.303702
1859	109.363171
1860	109.422640
1861	109.482109
1862	109.541578
1863	109.601046
1864	109.660515
1865	109.719984
1866	109.779453
1867	109.838922
1868	109.898391
1869	109.957859
1870	110.017328
1871	110.076797
1872	110.136266
1873	110.195735
1874	110.255204
1875	110.314672
1876	110.374141
1877	110.433610
1878	110.493079
1879	110.552548
1880	110.612016
1881	110.671485
1882	110.730954
1883	110.790423
1884	110.849892
1885	110.909361
1886	110.968829
1887	111.028298
1888	111.087767
1889	111.147236
1890	111.206705
1891	111.266174
1892	111.325642
1893	111.385111
1894	111.444580
1895	111.504049
1896	111.563518
1897	111.622987
1898	111.682455
1899	111.741924
1900	111.801393
1901	111.860862
1902	111.920331
1903	111.979799
1904	112.039268
1905	112.098737
1906	112.158206
1907	112.217675
1908	112.277144
1909	112.336612
1910	112.396081
1911	112.455550
1912	112.515019
1913	112.574488
1914	112.633957
1915	112.693425
1916	112.752894
1917	112.812363
1918	112.871832
1919	112.931301
1920	112.990770
1921	113.050238
1922	113.109707
1923	113.169176
1924	113.228645
1925	113.288114
1926	113.347582
1927	113.407051
1928	113.466520
1929	113.525989
1930	113.585458
1931	113.644927
1932	113.704395
1933	113.763864
1934	113.823333
1935	113.882802
1936	113.942271
1937	114.001740
1938	114.061208
1939	114.120677
1940	114.180146
1941	114.239615
1942	114.299084
1943	114.358553
1944	114.418021
1945	114.477490
1946	114.536959
1947	114.596428
1948	114.655897
1949	114.715365
1950	114.774834
1951	114.834303
1952	114.893772
1953	114.953241
1954	115.012710
1955	115.072178
1956	115.131647
1957	115.191116
1958	115.250585
1959	115.310054
1960	115.369523
1961	115.428991
1962	115.488460
1963	115.547929
1964	115.607398
1965	115.666867
1966	115.726336
1967	115.785804
1968	115.845273
1969	115.904742
1970	115.964211
1971	116.023680
1972	116.083148
1973	116.142617
1974	116.202086
1975	116.261555
1976	116.321024
1977	116.380493
1978	116.439961
1979	116.499430
1980	116.558899
1981	116.618368
1982	116.677837
1983	116.737306
1984	116.796774
1985	116.856243
1986	116.915712
1987	116.975181
1988	117.034650
1989	117.094119
1990	117.153587
1991	117.213056
1992	117.272525
1993	117.331994
1994	117.391463
1995	117.450931
1996	117.510400
1997	117.569869
1998	117.629338
1999	117.688807
2000	117.748276
2001	117.807744
2002	117.867213
2003	117.926682
2004	117.986151
2005	118.045620
2006	118.105089
2007	118.164557
2008	118.224026
2009	118.283495
2010	118.342964
2011	118.402433
2012	118.461902
2013	118.521370
2014	118.580839
2015	118.640308
2016	118.699777
2017	118.759246
2018	118.818714
2019	118.878183
2020	118.937652
2021	118.997121
2022	119.056590
2023	119.116059
2024	119.175527
2025	119.234996
2026	119.294465
2027	119.353934
2028	119.413403
2029	119.472872
2030	119.532340
2031	119.591809
2032	119.651278
2033	119.710747
2034	119.770216
2035	119.829685
2036	119.889153
2037	119.948622
2038	120.008091
2039	120.067560
2040	120.127029
2041	120.186497
2042	120.245966
2043	120.305435
2044	120.364904
2045	120.424373
2046	120.483842
2047	120.543310
