0	-1.196429
1	-1.136607
2	-1.076786
3	-1.016964
4	-0.957143
5	-0.897321
6	-0.837500
7	-0.777679
8	-0.717857
9	-0.658036
10	-0.598214
11	-0.538393
12	-0.478571
13	-0.418750
14	-0.358929
15	-0.299107
16	-0.239286
17	-0.179464
18	-0.119643
19	-0.059821
20	0.000000
21	0.059821
22	0.119643
23	0.179464
24	0.239286
25	0.299107
26	0.358929
27	0.418750
28	0.478571
29	0.538393
30	0.598214
31	0.658036
32	0.717857
33	0.777679
34	0.837500
35	0.897321
36	0.957143
37	1.016964
38	1.076786
39	1.136607
40	1.196429
41	1.256250
42	1.316071
43	1.375893
44	1.435714
45	1.495536
46	1.555357
47	1.615179
48	1.675000
49	1.734821
50	1.794643
51	1.854464
52	1.914286
53	1.974107
54	2.033929
55	2.093750
56	2.153571
57	2.213393
58	2.273214
59	2.333036
60	2.392857
61	2.452679
62	2.512500
63	2.572321
64	2.632143
65	2.691964
66	2.751786
67	2.811607
68	2.871429
69	2.931250
70	2.991071
71	3.050893
72	3.110714
73	3.170536
74	3.230357
75	3.290179
76	3.350000
77	3.409821
78	3.469643
79	3.529464
80	3.589286
81	3.649107
82	3.708929
83	3.768750
84	3.828571
85	3.888393
86	3.948214
87	4.008036
88	4.067857
89	4.127679
90	4.187500
91	4.247321
92	4.307143
93	4.366964
94	4.426786
95	4.486607
96	4.546429
97	4.606250
98	4.666071
99	4.725893
100	4.785714
101	4.845536
102	4.905357
103	4.965179
104	5.025000
105	5.084821
106	5.144643
107	5.204464
108	5.264286
109	5.324107
110	5.383929
111	5.443750
112	5.503571
113	5.563393
114	5.623214
115	5.683036
116	5.742857
117	5.802678
118	5.862500
119	5.922321
120	5.982143
121	6.041964
122	6.101786
123	6.161607
124	6.221428
125	6.281250
126	6.341071
127	6.400893
128	6.460714
129	6.520536
130	6.580357
131	6.640178
132	6.700000
133	6.759821
134	6.819643
135	6.879464
136	6.939286
137	6.999107
138	7.058928
139	7.118750
140	7.178571
141	7.238393
142	7.298214
143	7.358036
144	7.417857
145	7.477678
146	7.537500
147	7.597321
148	7.657143
149	7.716964
150	7.776786
151	7.836607
152	7.896428
153	7.956250
154	8.016071
155	8.075893
156	8.135714
157	8.195536
158	8.255357
159	8.315178
160	8.375000
161	8.434821
162	8.494643
163	8.554464
164	8.614286
165	8.674107
166	8.733928
167	8.793750
168	8.853571
169	8.913393
170	8.973214
171	9.033036
172	9.092857
173	9.152678
174	9.212500
175	9.272321
176	9.332143
177	9.391964
178	9.451786
179	9.511607
180	9.571428
181	9.631250
182	9.691071
183	9.750893
184	9.810714
185	9.870536
186	9.930357
187	9.990178
188	10.050000
189	10.109821
190	10.169643
191	10.229464
192	10.289286
193	10.349107
194	10.408928
195	10.468750
196	10.528571
197	10.588393
198	10.648214
199	10.708036
200	10.767857
201	10.827678
202	10.887500
203	10.947321
204	11.007143
205	11.066964
206	11.126786
207	11.186607
208	11.246428
209	11.306250
210	11.366071
211	11.425893
212	11.485714
213	11.545536
214	11.605357
215	11.665178
216	11.725000
217	11.784821
218	11.844643
219	11.904464
220	11.964286
221	12.024107
222	12.083928
223	12.143750
224	12.203571
225	12.263393
226	12.323214
227	12.383036
228	12.442857
229	12.502678
230	12.562500
231	12.622321
232	12.682143
233	12.741964
234	12.801786
235	12.861607
236	12.921428
237	12.981250
238	13.041071
239	13.100893
240	13.160714
241	13.220536
242	13.280357
243	13.340178
244	13.400000
245	13.459821
246	13.519643
247	13.579464
248	13.639286
249	13.699107
250	13.758928
251	13.818750
252	13.878571
253	13.938393
254	13.998214
255	14.058036
256	14.117857
257	14.177678
258	14.237500
259	14.297321
260	14.357143
261	14.416964
262	14.476786
263	14.536607
264	14.596428
265	14.656250
266	14.716071
267	14.775893
268	14.835714
269	14.895536
270	14.955357
271	15.015178
272	15.075000
273	15.134821
274	15.194643
275	15.254464
276	15.314286
277	15.374107
278	15.433928
279	15.493750
280	15.553571
281	15.613393
282	15.673214
283	15.733036
284	15.792857
285	15.852678
286	15.912500
287	15.972321
288	16.032143
289	16.091964
290	16.151786
291	16.211607
292	16.271428
293	16.331250
294	16.391071
295	16.450893
296	16.510714
297	16.570536
298	16.630357
299	16.690178
300	16.750000
301	16.809821
302	16.869643
303	16.929464
304	16.989286
305	17.049107
306	17.108928
307	17.168750
308	17.228571
309	17.288393
310	17.348214
311	17.408036
312	17.467857
313	17.527678
314	17.587500
315	17.647321
316	17.707143
317	17.766964
318	17.826786
319	17.886607
320	17.946428
321	18.006250
322	18.066071
323	18.125893
324	18.185714
325	18.245536
326	18.305357
327	18.365178
328	18.425000
329	18.484821
330	18.544643
331	18.604464
332	18.664285
333	18.724107
334	18.783928
335	18.843750
336	18.903571
337	18.963393
338	19.023214
339	19.083035
340	19.142857
341	19.202678
342	19.262500
343	19.322321
344	19.382143
345	19.441964
346	19.501785
347	19.561607
348	19.621428
349	19.681250
350	19.741071
351	19.800893
352	19.860714
353	19.920535
354	19.980357
355	20.040178
356	20.100000
357	20.159821
358	20.219643
359	20.279464
360	20.339285
361	20.399107
362	20.458928
363	20.518750
364	20.578571
365	20.638393
366	20.698214
367	20.758035
368	20.817857
369	20.877678
370	20.937500
371	20.997321
372	21.057143
373	21.116964
374	21.176785
375	21.236607
376	21.296428
377	21.356250
378	21.416071
379	21.475893
380	21.535714
381	21.595535
382	21.655357
383	21.715178
384	21.775000
385	21.834821
386	21.894643
387	21.954464
388	22.014285
389	22.074107
390	22.133928
391	22.193750
392	22.253571
393	22.313393
394	22.373214
395	22.433035
396	22.492857
397	22.552678
398	22.612500
399	22.672321
400	22.732143
401	22.791964
402	22.851785
403	22.911607
404	22.971428
405	23.031250
406	23.091071
407	23.150893
408	23.210714
409	23.270535
410	23.330357
411	23.390178
412	23.450000
413	23.509821
414	23.569643
415	23.629464
416	23.689285
417	23.749107
418	23.808928
419	23.868750
420	23.928571
421	23.988393
422	24.048214
423	24.108035
424	24.167857
425	24.227678
426	24.287500
427	24.347321
428	24.407143
429	24.466964
430	24.526785
431	24.586607
432	24.646428
433	24.706250
434	24.766071
435	24.825893
436	24.885714
437	24.945535
438	25.005357
439	25.065178
440	25.125000
441	25.184821
442	25.244643
443	25.304464
444	25.364285
445	25.424107
446	25.483928
447	25.543750
448	25.603571
449	25.663393
450	25.723214
451	25.783035
452	25.842857
453	25.902678
454	25.962500
455	26.022321
456	26.082143
457	26.141964
458	26.201785
459	26.261607
460	26.321428
461	26.381250
462	26.441071
463	26.500893
464	26.560714
465	26.620535
466	26.680357
467	26.740178
468	26.800000
469	26.859821
470	26.919643
471	26.979464
472	27.039285
473	27.099107
474	27.158928
475	27.218750
476	27.278571
477	27.338393
478	27.398214
479	27.458035
480	27.517857
481	27.577678
482	27.637500
483	27.697321
484	27.757143
485	27.816964
486	27.876785
487	27.936607
488	27.996428
489	28.056250
490	28.116071
491	28.175893
492	28.235714
493	28.295535
494	28.355357
495	28.415178
496	28.475000
497	28.534821
498	28.594643
499	28.654464
500	28.714285
501	28.774107
502	28.833928
503	28.893750
504	28.953571
505	29.013393
506	29.073214
507	29.133035
508	29.192857
509	29.252678
510	29.312500
511	29.372321
512	29.432143
513	29.491964
514	29.551785
515	29.611607
516	29.671428
517	29.731250
518	29.791071
519	29.850893
520	29.910714
521	29.970535
522	30.030357
523	30.090178
524	30.150000
525	30.209821
526	30.269643
527	30.329464
528	30.389285
529	30.449107
530	30.508928
531	30.568750
532	30.628571
533	30.688393
534	30.748214
535	30.808035
536	30.867857
537	30.927678
538	30.987500
539	31.047321
540	31.107142
541	31.166964
542	31.226785
543	31.286607
544	31.346428
545	31.406250
546	31.466071
547	31.525892
548	31.585714
549	31.645535
550	31.705357
551	31.765178
552	31.825000
553	31.884821
554	31.944642
555	32.004464
556	32.064285
557	32.124107
558	32.183928
559	32.243750
560	32.303571
561	32.363392
562	32.423214
563	32.483035
564	32.542857
565	32.602678
566	32.662500
567	32.722321
568	32.782142
569	32.841964
570	32.901785
571	32.961607
572	33.021428
573	33.081250
574	33.141071
575	33.200892
576	33.260714
577	33.320535
578	33.380357
579	33.440178
580	33.500000
581	33.559821
582	33.619642
583	33.679464
584	33.739285
585	33.799107
586	33.858928
587	33.918750
588	33.978571
589	34.038392
590	34.098214
591	34.158035
592	34.217857
593	34.277678
594	34.337500
595	34.397321
596	34.457142
597	34.516964
598	34.576785
599	34.636607
600	34.696428
601	34.756250
602	34.816071
603	34.875892
604	34.935714
605	34.995535
606	35.055357
607	35.115178
608	35.175000
609	35.234821
610	35.294642
611	35.354464
612	35.414285
613	35.474107
614	35.533928
615	35.593750
616	35.653571
617	35.713392
618	35.773214
619	35.833035
620	35.892857
621	35.952678
622	36.012500
623	36.072321
624	36.132142
625	36.191964
626	36.251785
627	36.311607
628	36.371428
629	36.431250
630	36.491071
631	36.550892
632	36.610714
633	36.670535
634	36.730357
635	36.790178
636	36.850000
637	36.909821
638	36.969642
639	37.029464
640	37.089285
641	37.149107
642	37.208928
643	37.268750
644	37.328571
645	37.388392
646	37.448214
647	37.508035
648	37.567857
649	37.627678
650	37.687500
651	37.747321
652	37.807142
653	37.866964
654	37.926785
655	37.986607
656	38.046428
657	38.106250
658	38.166071
659	38.225892
660	38.285714
661	38.345535
662	38.405357
663	38.465178
664	38.525000
665	38.584821
666	38.644642
667	38.704464
668	38.764285
669	38.824107
670	38.883928
671	38.943750
672	39.003571
673	39.063392
674	39.123214
675	39.183035
676	39.242857
677	39.302678
678	39.362500
679	39.422321
680	39.482142
681	39.541964
682	39.601785
683	39.661607
684	39.721428
685	39.781250
686	39.841071
687	39.900892
688	39.960714
689	40.020535
690	40.080357
691	40.140178
692	40.200000
693	40.259821
694	40.319642
695	40.379464
696	40.439285
697	40.499107
698	40.558928
699	40.618750
700	40.678571
701	40.738392
702	40.798214
703	40.858035
704	40.917857
705	40.977678
706	41.037500
707	41.097321
708	41.157142
709	41.216964
710	41.276785
711	41.336607
712	41.396428
713	41.456250
714	41.516071
715	41.575892
716	41.635714
717	41.695535
718	41.755357
719	41.815178
720	41.875000
721	41.934821
722	41.994642
723	42.054464
724	42.114285
725	42.174107
726	42.233928
727	42.293750
728	42.353571
729	42.413392
730	42.473214
731	42.533035
732	42.592857
733	42.652678
734	42.712500
735	42.772321
736	42.832142
737	42.891964
738	42.951785
739	43.011607
740	43.071428
741	43.131250
742	43.191071
743	43.250892
744	43.310714
745	43.370535
746	43.430357
747	43.490178
748	43.550000
749	43.609821
750	43.669642
751	43.729464
752	43.789285
753	43.849107
754	43.908928
755	43.968749
756	44.028571
757	44.088392
758	44.148214
759	44.208035
760	44.267857
761	44.327678
762	44.387499
763	44.447321
764	44.507142
765	44.566964
766	44.626785
767	44.686607
768	44.746428
769	44.806249
770	44.866071
771	44.925892
772	44.985714
773	45.045535
774	45.105357
775	45.165178
776	45.224999
777	45.284821
778	45.344642
779	45.404464
780	45.464285
781	45.524107
782	45.583928
783	45.643749
784	45.703571
785	45.763392
786	45.823214
787	45.883035
788	45.942857
789	46.002678
790	46.062499
791	46.122321
792	46.182142
793	46.241964
794	46.301785
795	46.361607
796	46.421428
797	46.481249
798	46.541071
799	46.600892
800	46.660714
801	46.720535
802	46.780357
803	46.840178
804	46.899999
805	46.959821
806	47.019642
807	47.079464
808	47.139285
809	47.199107
810	47.258928
811	47.318749
812	47.378571
813	47.438392
814	47.498214
815	47.558035
816	47.617857
817	47.677678
818	47.737499
819	47.797321
820	47.857142
821	47.916964
822	47.976785
823	48.036607
824	48.096428
825	48.156249
826	48.216071
827	48.275892
828	48.335714
829	48.395535
830	48.455357
831	48.515178
832	48.574999
833	48.634821
834	48.694642
835	48.754464
836	48.814285
837	48.874107
838	48.933928
839	48.993749
840	49.053571
841	49.113392
842	49.173214
843	49.233035
844	49.292857
845	49.352678
846	49.412499
847	49.472321
848	49.532142
849	49.591964
850	49.651785
851	49.711607
852	49.771428
853	49.831249
854	49.891071
855	49.950892
856	50.010714
857	50.070535
858	50.130357
859	50.190178
860	50.249999
861	50.309821
862	50.369642
863	50.429464
864	50.489285
865	50.549107
866	50.608928
867	50.668749
868	50.728571
869	50.788392
870	50.848214
871	50.908035
872	50.967857
873	51.027678
874	51.087499
875	51.147321
876	51.207142
877	51.266964
878	51.326785
879	51.386607
880	51.446428
881	51.506249
882	51.566071
883	51.625892
884	51.685714
885	51.745535
886	51.805357
887	51.865178
888	51.924999
889	51.984821
890	52.044642
891	52.104464
892	52.164285
893	52.224107
894	52.283928
895	52.343749
896	52.403571
897	52.463392
898	52.523214
899	52.583035
900	52.642857
901	52.702678
902	52.762499
903	52.822321
904	52.882142
905	52.941964
906	53.001785
907	53.061607
908	53.121428
909	53.181249
910	53.241071
911	53.300892
912	53.360714
913	53.420535
914	53.480357
915	53.540178
916	53.599999
917	53.659821
918	53.719642
919	53.779464
920	53.839285
921	53.899107
922	53.958928
923	54.018749
924	54.078571
925	54.138392
926	54.198214
927	54.258035
928	54.317857
929	54.377678
930	54.437499
931	54.497321
932	54.557142
933	54.616964
934	54.676785
935	54.736607
936	54.796428
937	54.856249
938	54.916071
939	54.975892
940	55.035714
941	55.095535
942	55.155357
943	55.215178
944	55.274999
945	55.334821
946	55.394642
947	55.454464
948	55.514285
949	55.574107
950	55.633928
951	55.693749
952	55.753571
953	55.813392
954	55.873214
955	55.933035
956	55.992857
957	56.052678
958	56.112499
959	56.172321
960	56.232142
961	56.291964
962	56.351785
963	56.411606
964	56.471428
965	56.531249
966	56.591071
967	56.650892
968	56.710714
969	56.770535
970	56.830356
971	56.890178
972	56.949999
973	57.009821
974	57.069642
975	57.129464
976	57.189285
977	57.249106
978	57.308928
979	57.368749
980	57.428571
981	57.488392
982	57.548214
983	57.608035
984	57.667856
985	57.727678
986	57.787499
987	57.847321
988	57.907142
989	57.966964
990	58.026785
991	58.086606
992	58.146428
993	58.206249
994	58.266071
995	58.325892
996	58.385714
997	58.445535
998	58.505356
999	58.565178
1000	58.624999
1001	58.684821
1002	58.744642
1003	58.804464
1004	58.864285
1005	58.924106
1006	58.983928
1007	59.043749
1008	59.103571
1009	59.163392
1010	59.223214
1011	59.283035
1012	59.342856
1013	59.402678
1014	59.462499
1015	59.522321
1016	59.582142
1017	59.641964
1018	59.701785
1019	59.761606
1020	59.821428
1021	59.881249
1022	59.941071
1023	60.000892
1024	60.060714
1025	60.120535
1026	60.180356
1027	60.240178
1028	60.299999
1029	60.359821
1030	60.419642
1031	60.479464
1032	60.539285
1033	60.599106
1034	60.658928
1035	60.718749
1036	60.778571
1037	60.838392
1038	60.898214
1039	60.958035
1040	61.017856
1041	61.077678
1042	61.137499
1043	61.197321
1044	61.257142
1045	61.316964
1046	61.376785
1047	61.436606
1048	61.496428
1049	61.556249
1050	61.616071
1051	61.675892
1052	61.735714
1053	61.795535
1054	61.855356
1055	61.915178
1056	61.974999
1057	62.034821
1058	62.094642
1059	62.154464
1060	62.214285
1061	62.274106
1062	62.333928
1063	62.393749
1064	62.453571
1065	62.513392
1066	62.573214
1067	62.633035
1068	62.692856
1069	62.752678
1070	62.812499
1071	62.872321
1072	62.932142
1073	62.991964
1074	63.051785
1075	63.111606
1076	63.171428
1077	63.231249
1078	63.291071
1079	63.350892
1080	63.410714
1081	63.470535
1082	63.530356
1083	63.590178
1084	63.649999
1085	63.709821
1086	63.769642
1087	63.829464
1088	63.889285
1089	63.949106
1090	64.008928
1091	64.068749
1092	64.128571
1093	64.188392
1094	64.248214
1095	64.308035
1096	64.367856
1097	64.427678
1098	64.487499
1099	64.547321
1100	64.607142
1101	64.666964
1102	64.726785
1103	64.786606
1104	64.846428
1105	64.906249
1106	64.966071
1107	65.025892
1108	65.085714
1109	65.145535
1110	65.205356
1111	65.265178
1112	65.324999
1113	65.384821
1114	65.444642
1115	65.504464
1116	65.564285
1117	65.624106
1118	65.683928
1119	65.743749
1120	65.803571
1121	65.863392
1122	65.923214
1123	65.983035
1124	66.042856
1125	66.102678
1126	66.162499
1127	66.222321
1128	66.282142
1129	66.341964
1130	66.401785
1131	66.461606
1132	66.521428
1133	66.581249
1134	66.641071
1135	66.700892
1136	66.760714
1137	66.820535
1138	66.880356
1139	66.940178
1140	66.999999
1141	67.059821
1142	67.119642
1143	67.179464
1144	67.239285
1145	67.299106
1146	67.358928
1147	67.418749
1148	67.478571
1149	67.538392
1150	67.598214
1151	67.658035
1152	67.717856
1153	67.777678
1154	67.837499
1155	67.897321
1156	67.957142
1157	68.016964
1158	68.076785
1159	68.136606
1160	68.196428
1161	68.256249
1162	68.316071
1163	68.375892
1164	68.435714
1165	68.495535
1166	68.555356
1167	68.615178
1168	68.674999
1169	68.734821
1170	68.794642
1171	68.854464
1172	68.914285
1173	68.974106
1174	69.033928
1175	69.093749
1176	69.153571
1177	69.213392
1178	69.273213
1179	69.333035
1180	69.392856
1181	69.452678
1182	69.512499
1183	69.572321
1184	69.632142
1185	69.691963
1186	69.751785
1187	69.811606
1188	69.871428
1189	69.931249
1190	69.991071
1191	70.050892
1192	70.110713
1193	70.170535
1194	70.230356
1195	70.290178
1196	70.349999
1197	70.409821
1198	70.469642
1199	70.529463
1200	70.589285
1201	70.649106
1202	70.708928
1203	70.768749
1204	70.828571
1205	70.888392
1206	70.948213
1207	71.008035
1208	71.067856
1209	71.127678
1210	71.187499
1211	71.247321
1212	71.307142
1213	71.366963
1214	71.426785
1215	71.486606
1216	71.546428
1217	71.606249
1218	71.666071
1219	71.725892
1220	71.785713
1221	71.845535
1222	71.905356
1223	71.965178
1224	72.024999
1225	72.084821
1226	72.144642
1227	72.204463
1228	72.264285
1229	72.324106
1230	72.383928
1231	72.443749
1232	72.503571
1233	72.563392
1234	72.623213
1235	72.683035
1236	72.742856
1237	72.802678
1238	72.862499
1239	72.922321
1240	72.982142
1241	73.041963
1242	73.101785
1243	73.161606
1244	73.221428
1245	73.281249
1246	73.341071
1247	73.400892
1248	73.460713
1249	73.520535
1250	73.580356
1251	73.640178
1252	73.699999
1253	73.759821
1254	73.819642
1255	73.879463
1256	73.939285
1257	73.999106
1258	74.058928
1259	74.118749
1260	74.178571
1261	74.238392
1262	74.298213
1263	74.358035
1264	74.417856
1265	74.477678
1266	74.537499
1267	74.597321
1268	74.657142
1269	74.716963
1270	74.776785
1271	74.836606
1272	74.896428
1273	74.956249
1274	75.016071
1275	75.075892
1276	75.135713
1277	75.195535
1278	75.255356
1279	75.315178
1280	75.374999
1281	75.434821
1282	75.494642
1283	75.554463
1284	75.614285
1285	75.674106
1286	75.733928
1287	75.793749
1288	75.853571
1289	75.913392
1290	75.973213
1291	76.033035
1292	76.092856
1293	76.152678
1294	76.212499
1295	76.272321
1296	76.332142
1297	76.391963
1298	76.451785
1299	76.511606
1300	76.571428
1301	76.631249
1302	76.691071
1303	76.750892
1304	76.810713
1305	76.870535
1306	76.930356
1307	76.990178
1308	77.049999
1309	77.109821
1310	77.169642
1311	77.229463
1312	77.289285
1313	77.349106
1314	77.408928
1315	77.468749
1316	77.528571
1317	77.588392
1318	77.648213
1319	77.708035
1320	77.767856
1321	77.827678
1322	77.887499
1323	77.947321
1324	78.007142
1325	78.066963
1326	78.126785
1327	78.186606
1328	78.246428
1329	78.306249
1330	78.366071
1331	78.425892
1332	78.485713
1333	78.545535
1334	78.605356
1335	78.665178
1336	78.724999
1337	78.784821
1338	78.844642
1339	78.904463
1340	78.964285
1341	79.024106
1342	79.083928
1343	79.143749
1344	79.203571
1345	79.263392
1346	79.323213
1347	79.383035
1348	79.442856
1349	79.502678
1350	79.562499
1351	79.622321
1352	79.682142
1353	79.741963
1354	79.801785
1355	79.861606
1356	79.921428
1357	79.981249
1358	80.041071
1359	80.100892
1360	80.160713
1361	80.220535
1362	80.280356
1363	80.340178
1364	80.399999
1365	80.459821
1366	80.519642
1367	80.579463
1368	80.639285
1369	80.699106
1370	80.758928
1371	80.818749
1372	80.878571
1373	80.938392
1374	80.998213
1375	81.058035
1376	81.117856
1377	81.177678
1378	81.237499
1379	81.297321
1380	81.357142
1381	81.416963
1382	81.476785
1383	81.536606
1384	81.596428
1385	81.656249
1386	81.716070
1387	81.775892
1388	81.835713
1389	81.895535
1390	81.955356
1391	82.015178
1392	82.074999
1393	82.134820
1394	82.194642
1395	82.254463
1396	82.314285
1397	82.374106
1398	82.433928
1399	82.493749
1400	82.553570
1401	82.613392
1402	82.673213
1403	82.733035
1404	82.792856
1405	82.852678
1406	82.912499
1407	82.972320
1408	83.032142
1409	83.091963
1410	83.151785
1411	83.211606
1412	83.271428
1413	83.331249
1414	83.391070
1415	83.450892
1416	83.510713
1417	83.570535
1418	83.630356
1419	83.690178
1420	83.749999
1421	83.809820
1422	83.869642
1423	83.929463
1424	83.989285
1425	84.049106
1426	84.108928
1427	84.168749
1428	84.228570
1429	84.288392
1430	84.348213
1431	84.408035
1432	84.467856
1433	84.527678
1434	84.587499
1435	84.647320
1436	84.707142
1437	84.766963
1438	84.826785
1439	84.886606
1440	84.946428
1441	85.006249
1442	85.066070
1443	85.125892
1444	85.185713
1445	85.245535
1446	85.305356
1447	85.365178
1448	85.424999
1449	85.484820
1450	85.544642
1451	85.604463
1452	85.664285
1453	85.724106
1454	85.783928
1455	85.843749
1456	85.903570
1457	85.963392
1458	86.023213
1459	86.083035
1460	86.142856
1461	86.202678
1462	86.262499
1463	86.322320
1464	86.382142
1465	86.441963
1466	86.501785
1467	86.561606
1468	86.621428
1469	86.681249
1470	86.741070
1471	86.800892
1472	86.860713
1473	86.920535
1474	86.980356
1475	87.040178
1476	87.099999
1477	87.159820
1478	87.219642
1479	87.279463
1480	87.339285
1481	87.399106
1482	87.458928
1483	87.518749
1484	87.578570
1485	87.638392
1486	87.698213
1487	87.758035
1488	87.817856
1489	87.877678
1490	87.937499
1491	87.997320
1492	88.057142
1493	88.116963
1494	88.176785
1495	88.236606
1496	88.296428
1497	88.356249
1498	88.416070
1499	88.475892
1500	88.535713
1501	88.595535
1502	88.655356
1503	88.715178
1504	88.774999
1505	88.834820
1506	88.894642
1507	88.954463
1508	89.014285
1509	89.074106
1510	89.133928
1511	89.193749
1512	89.253570
1513	89.313392
1514	89.373213
1515	89.433035
1516	89.492856
1517	89.552678
1518	89.612499
1519	89.672320
1520	89.732142
1521	89.791963
1522	89.851785
1523	89.911606
1524	89.971428
1525	90.031249
1526	90.091070
1527	90.150892
1528	90.210713
1529	90.270535
1530	90.330356
1531	90.390178
1532	90.449999
1533	90.509820
1534	90.569642
1535	90.629463
1536	90.689285
1537	90.749106
1538	90.808928
1539	90.868749
1540	90.928570
1541	90.988392
1542	91.048213
1543	91.108035
1544	91.167856
1545	91.227678
1546	91.287499
1547	91.347320
1548	91.407142
1549	91.466963
1550	91.526785
1551	91.586606
1552	91.646428
1553	91.706249
1554	91.766070
1555	91.825892
1556	91.885713
1557	91.945535
1558	92.005356
1559	92.065178
1560	92.124999
1561	92.184820
1562	92.244642
1563	92.304463
1564	92.364285
1565	92.424106
1566	92.483928
1567	92.543749
1568	92.603570
1569	92.663392
1570	92.723213
1571	92.783035
1572	92.842856
1573	92.902678
1574	92.962499
1575	93.022320
1576	93.082142
1577	93.141963
1578	93.201785
1579	93.261606
1580	93.321428
1581	93.381249
1582	93.441070
1583	93.500892
1584	93.560713
1585	93.620535
1586	93.680356
1587	93.740178
1588	93.799999
1589	93.859820
1590	93.919642
1591	93.979463
1592	94.039285
1593	94.099106
1594	94.158928
1595	94.218749
1596	94.278570
1597	94.338392
1598	94.398213
1599	94.458035
1600	94.517856
1601	94.577677
1602	94.637499
1603	94.697320
1604	94.757142
1605	94.816963
1606	94.876785
1607	94.936606
1608	94.996427
1609	95.056249
1610	95.116070
1611	95.175892
1612	95.235713
1613	95.295535
1614	95.355356
1615	95.415177
1616	95.474999
1617	95.534820
1618	95.594642
1619	95.654463
1620	95.714285
1621	95.774106
1622	95.833927
1623	95.893749
1624	95.953570
1625	96.013392
1626	96.073213
1627	96.133035
1628	96.192856
1629	96.252677
1630	96.312499
1631	96.372320
1632	96.432142
1633	96.491963
1634	96.551785
1635	96.611606
1636	96.671427
1637	96.731249
1638	96.791070
1639	96.850892
1640	96.910713
1641	96.970535
1642	97.030356
1643	97.090177
1644	97.149999
1645	97.209820
1646	97.269642
1647	97.329463
1648	97.389285
1649	97.449106
1650	97.508927
1651	97.568749
1652	97.628570
1653	97.688392
1654	97.748213
1655	97.808035
1656	97.867856
1657	97.927677
1658	97.987499
1659	98.047320
1660	98.107142
1661	98.166963
1662	98.226785
1663	98.286606
1664	98.346427
1665	98.406249
1666	98.466070
1667	98.525892
1668	98.585713
1669	98.645535
1670	98.705356
1671	98.765177
1672	98.824999
1673	98.884820
1674	98.944642
1675	99.004463
1676	99.064285
1677	99.124106
1678	99.183927
1679	99.243749
1680	99.303570
1681	99.363392
1682	99.423213
1683	99.483035
1684	99.542856
1685	99.602677
1686	99.662499
1687	99.722320
1688	99.782142
1689	99.841963
1690	99.901785
1691	99.961606
1692	100.021427
1693	100.081249
1694	100.141070
1695	100.200892
1696	100.260713
1697	100.320535
1698	100.380356
1699	100.440177
1700	100.499999
1701	100.559820
1702	100.619642
1703	100.679463
1704	100.739285
1705	100.799106
1706	100.858927
1707	100.918749
1708	100.978570
1709	101.038392
1710	101.098213
1711	101.158035
1712	101.217856
1713	101.277677
1714	101.337499
1715	101.397320
1716	101.457142
1717	101.516963
1718	101.576785
1719	101.636606
1720	101.696427
1721	101.756249
1722	101.816070
1723	101.875892
1724	101.935713
1725	101.995535
1726	102.055356
1727	102.115177
1728	102.174999
1729	102.234820
1730	102.294642
1731	102.354463
1732	102.414285
1733	102.474106
1734	102.533927
1735	102.593749
1736	102.653570
1737	102.713392
1738	102.773213
1739	102.833035
1740	102.892856
1741	102.952677
1742	103.012499
1743	103.072320
1744	103.132142
1745	103.191963
1746	103.251785
1747	103.311606
1748	103.371427
1749	103.431249
1750	103.491070
1751	103.550892
1752	103.610713
1753	103.670535
1754	103.730356
1755	103.790177
1756	103.849999
1757	103.909820
1758	103.969642
1759	104.029463
1760	104.089285
1761	104.149106
1762	104.208927
1763	104.268749
1764	104.328570
1765	104.388392
1766	104.448213
1767	104.508035
1768	104.567856
1769	104.627677
1770	104.687499
1771	104.747320
1772	104.807142
1773	104.866963
1774	104.926785
1775	104.986606
1776	105.046427
1777	105.106249
1778	105.166070
1779	105.225892
1780	105.285713
1781	105.345535
1782	105.405356
1783	105.465177
1784	105.524999
1785	105.584820
1786	105.644642
1787	105.704463
1788	105.764285
1789	105.824106
1790	105.883927
1791	105.943749
1792	106.003570
1793	106.063392
1794	106.123213
1795	106.183035
1796	106.242856
1797	106.302677
1798	106.362499
1799	106.422320
1800	106.482142
1801	106.541963
1802	106.601785
1803	106.661606
1804	106.721427
1805	106.781249
1806	106.841070
1807	106.900892
1808	106.960713
1809	107.020534
1810	107.080356
1811	107.140177
1812	107.199999
1813	107.259820
1814	107.319642
1815	107.379463
1816	107.439284
1817	107.499106
1818	107.558927
1819	107.618749
1820	107.678570
1821	107.738392
1822	107.798213
1823	107.858034
1824	107.917856
1825	107.977677
1826	108.037499
1827	108.097320
1828	108.157142
1829	108.216963
1830	108.276784
1831	108.336606
1832	108.396427
1833	108.456249
1834	108.516070
1835	108.575892
1836	108.635713
1837	108.695534
1838	108.755356
1839	108.815177
1840	108.874999
1841	108.934820
1842	108.994642
1843	109.054463
1844	109.114284
1845	109.174106
1846	109.233927
1847	109.293749
1848	109.353570
1849	109.413392
1850	109.473213
1851	109.533034
1852	109.592856
1853	109.652677
1854	109.712499
1855	109.772320
1856	109.832142
1857	109.891963
1858	109.951784
1859	110.011606
1860	110.071427
1861	110.131249
1862	110.191070
1863	110.250892
1864	110.310713
1865	110.370534
1866	110.430356
1867	110.490177
1868	110.549999
1869	110.609820
1870	110.669642
1871	110.729463
1872	110.789284
1873	110.849106
1874	110.908927
1875	110.968749
1876	111.028570
1877	111.088392
1878	111.148213
1879	111.208034
1880	111.267856
1881	111.327677
1882	111.387499
1883	111.447320
1884	111.507142
1885	111.566963
1886	111.626784
1887	111.686606
1888	111.746427
1889	111.806249
1890	111.866070
1891	111.925892
1892	111.985713
1893	112.045534
1894	112.105356
1895	112.165177
1896	112.224999
1897	112.284820
1898	112.344642
1899	112.404463
1900	112.464284
1901	112.524106
1902	112.583927
1903	112.643749
1904	112.703570
1905	112.763392
1906	112.823213
1907	112.883034
1908	112.942856
1909	113.002677
1910	113.062499
1911	113.122320
1912	113.182142
1913	113.241963
1914	113.301784
1915	113.361606
1916	113.421427
1917	113.481249
1918	113.541070
1919	113.600892
1920	113.660713
1921	113.720534
1922	113.780356
1923	113.840177
1924	113.899999
1925	113.959820
1926	114.019642
1927	114.079463
1928	114.139284
1929	114.199106
1930	114.258927
1931	114.318749
1932	114.378570
1933	114.438392
1934	114.498213
1935	114.558034
1936	114.617856
1937	114.677677
1938	114.737499
1939	114.797320
1940	114.857142
1941	114.916963
1942	114.976784
1943	115.036606
1944	115.096427
1945	115.156249
1946	115.216070
1947	115.275892
1948	115.335713
1949	115.395534
1950	115.455356
1951	115.515177
1952	115.574999
1953	115.634820
1954	115.694642
1955	115.754463
1956	115.814284
1957	115.874106
1958	115.933927
1959	115.993749
1960	116.053570
1961	116.113392
1962	116.173213
1963	116.233034
1964	116.292856
1965	116.352677
1966	116.412499
1967	116.472320
1968	116.532142
1969	116.591963
1970	116.651784
1971	116.711606
1972	116.771427
1973	116.831249
1974	116.891070
1975	116.950892
1976	117.010713
1977	117.070534
1978	117.130356
1979	117.190177
1980	117.249999
1981	117.309820
1982	117.369642
1983	117.429463
1984	117.489284
1985	117.549106
1986	117.608927
1987	117.668749
1988	117.728570
1989	117.788392
1990	117.848213
1991	117.908034
1992	117.967856
1993	118.027677
1994	118.087499
1995	118.147320
1996	118.207142
1997	118.266963
1998	118.326784
1999	118.386606
2000	118.446427
2001	118.506249
2002	118.566070
2003	118.625892
2004	118.685713
2005	118.745534
2006	118.805356
2007	118.865177
2008	118.924999
2009	118.984820
2010	119.044642
2011	119.104463
2012	119.164284
2013	119.224106
2014	119.283927
2015	119.343749
2016	119.403570
2017	119.463392
2018	119.523213
2019	119.583034
2020	119.642856
2021	119.702677
2022	119.762499
2023	119.822320
2024	119.882141
2025	119.941963
2026	120.001784
2027	120.061606
2028	120.121427
2029	120.181249
2030	120.241070
2031	120.300891
2032	120.360713
2033	120.420534
2034	120.480356
2035	120.540177
2036	120.599999
2037	120.659820
2038	120.719641
2039	120.779463
2040	120.839284
2041	120.899106
2042	120.958927
2043	121.018749
2044	121.078570
2045	121.138391
2046	121.198213
2047	121.258034
