0	-1.195028
1	-1.135277
2	-1.075525
3	-1.015774
4	-0.956023
5	-0.896271
6	-0.836520
7	-0.776768
8	-0.717017
9	-0.657266
10	-0.597514
11	-0.537763
12	-0.478011
13	-0.418260
14	-0.358508
15	-0.298757
16	-0.239006
17	-0.179254
18	-0.119503
19	-0.059751
20	0.000000
21	0.059751
22	0.119503
23	0.179254
24	0.239006
25	0.298757
26	0.358508
27	0.418260
28	0.478011
29	0.537763
30	0.597514
31	0.657266
32	0.717017
33	0.776768
34	0.836520
35	0.896271
36	0.956023
37	1.015774
38	1.075525
39	1.135277
40	1.195028
41	1.254780
42	1.314531
43	1.374282
44	1.434034
45	1.493785
46	1.553537
47	1.613288
48	1.673039
49	1.732791
50	1.792542
51	1.852294
52	1.912045
53	1.971797
54	2.031548
55	2.091299
56	2.151051
57	2.210802
58	2.270554
59	2.330305
60	2.390056
61	2.449808
62	2.509559
63	2.569311
64	2.629062
65	2.688813
66	2.748565
67	2.808316
68	2.868068
69	2.927819
70	2.987570
71	3.047322
72	3.107073
73	3.166825
74	3.226576
75	3.286328
76	3.346079
77	3.405830
78	3.465582
79	3.525333
80	3.585085
81	3.644836
82	3.704587
83	3.764339
84	3.824090
85	3.883842
86	3.943593
87	4.003344
88	4.063096
89	4.122847
90	4.182599
91	4.242350
92	4.302101
93	4.361853
94	4.421604
95	4.481356
96	4.541107
97	4.600859
98	4.660610
99	4.720361
100	4.780113
101	4.839864
102	4.899616
103	4.959367
104	5.019118
105	5.078870
106	5.138621
107	5.198373
108	5.258124
109	5.317875
110	5.377627
111	5.437378
112	5.497130
113	5.556881
114	5.616633
115	5.676384
116	5.736135
117	5.795887
118	5.855638
119	5.915390
120	5.975141
121	6.034892
122	6.094644
123	6.154395
124	6.214147
125	6.273898
126	6.333649
127	6.393401
128	6.453152
129	6.512904
130	6.572655
131	6.632406
132	6.692158
133	6.751909
134	6.811661
135	6.871412
136	6.931164
137	6.990915
138	7.050666
139	7.110418
140	7.170169
141	7.229921
142	7.289672
143	7.349423
144	7.409175
145	7.468926
146	7.528678
147	7.588429
148	7.648180
149	7.707932
150	7.767683
151	7.827435
152	7.887186
153	7.946937
154	8.006689
155	8.066440
156	8.126192
157	8.185943
158	8.245695
159	8.305446
160	8.365197
161	8.424949
162	8.484700
163	8.544452
164	8.604203
165	8.663954
166	8.723706
167	8.783457
168	8.843209
169	8.902960
170	8.962711
171	9.022463
172	9.082214
173	9.141966
174	9.201717
175	9.261468
176	9.321220
177	9.380971
178	9.440723
179	9.500474
180	9.560226
181	9.619977
182	9.679728
183	9.739480
184	9.799231
185	9.858983
186	9.918734
187	9.978485
188	10.038237
189	10.097988
190	10.157740
191	10.217491
192	10.277242
193	10.336994
194	10.396745
195	10.456497
196	10.516248
197	10.575999
198	10.635751
199	10.695502
200	10.755254
201	10.815005
202	10.874757
203	10.934508
204	10.994259
205	11.054011
206	11.113762
207	11.173514
208	11.233265
209	11.293016
210	11.352768
211	11.412519
212	11.472271
213	11.532022
214	11.591773
215	11.651525
216	11.711276
217	11.771028
218	11.830779
219	11.890531
220	11.950282
221	12.010033
222	12.069785
223	12.129536
224	12.189288
225	12.249039
226	12.308790
227	12.368542
228	12.428293
229	12.488045
230	12.547796
231	12.607547
232	12.667299
233	12.727050
234	12.786802
235	12.846553
236	12.906304
237	12.966056
238	13.025807
239	13.085559
240	13.145310
241	13.205062
242	13.264813
243	13.324564
244	13.384316
245	13.444067
246	13.503819
247	13.563570
248	13.623321
249	13.683073
250	13.742824
251	13.802576
252	13.862327
253	13.922078
254	13.981830
255	14.041581
256	14.101333
257	14.161084
258	14.220835
259	14.280587
260	14.340338
261	14.400090
262	14.459841
263	14.519593
264	14.579344
265	14.639095
266	14.698847
267	14.758598
268	14.818350
269	14.878101
270	14.937852
271	14.997604
272	15.057355
273	15.117107
274	15.176858
275	15.236609
276	15.296361
277	15.356112
278	15.415864
279	15.475615
280	15.535366
281	15.595118
282	15.654869
283	15.714621
284	15.774372
285	15.834124
286	15.893875
287	15.953626
288	16.013378
289	16.073129
290	16.132881
291	16.192632
292	16.252383
293	16.312135
294	16.371886
295	16.431638
296	16.491389
297	16.551140
298	16.610892
299	16.670643
300	16.730395
301	16.790146
302	16.849898
303	16.909649
304	16.969400
305	17.029152
306	17.088903
307	17.148655
308	17.208406
309	17.268157
310	17.327909
311	17.387660
312	17.447412
313	17.507163
314	17.566914
315	17.626666
316	17.686417
317	17.746169
318	17.805920
319	17.865671
320	17.925423
321	17.985174
322	18.044926
323	18.104677
324	18.164429
325	18.224180
326	18.283931
327	18.343683
328	18.403434
329	18.463186
330	18.522937
331	18.582688
332	18.642440
333	18.702191
334	18.761943
335	18.821694
336	18.881445
337	18.941197
338	19.000948
339	19.060700
340	19.120451
341	19.180202
342	19.239954
343	19.299705
344	19.359457
345	19.419208
346	19.478960
347	19.538711
348	19.598462
349	19.658214
350	19.717965
351	19.777717
352	19.837468
353	19.897219
354	19.956971
355	20.016722
356	20.076474
357	20.136225
358	20.195976
359	20.255728
360	20.315479
361	20.375231
362	20.434982
363	20.494733
364	20.554485
365	20.614236
366	20.673988
367	20.733739
368	20.793491
369	20.853242
370	20.912993
371	20.972745
372	21.032496
373	21.092248
374	21.151999
375	21.211750
376	21.271502
377	21.331253
378	21.391005
379	21.450756
380	21.510507
381	21.570259
382	21.630010
383	21.689762
384	21.749513
385	21.809264
386	21.869016
387	21.928767
388	21.988519
389	22.048270
390	22.108022
391	22.167773
392	22.227524
393	22.287276
394	22.347027
395	22.406779
396	22.466530
397	22.526281
398	22.586033
399	22.645784
400	22.705536
401	22.765287
402	22.825038
403	22.884790
404	22.944541
405	23.004293
406	23.064044
407	23.123796
408	23.183547
409	23.243298
410	23.303050
411	23.362801
412	23.422553
413	23.482304
414	23.542055
415	23.601807
416	23.661558
417	23.721310
418	23.781061
419	23.840812
420	23.900564
421	23.960315
422	24.020067
423	24.079818
424	24.139569
425	24.199321
426	24.259072
427	24.318824
428	24.378575
429	24.438327
430	24.498078
431	24.557829
432	24.617581
433	24.677332
434	24.737084
435	24.796835
436	24.856586
437	24.916338
438	24.976089
439	25.035841
440	25.095592
441	25.155343
442	25.215095
443	25.274846
444	25.334598
445	25.394349
446	25.454100
447	25.513852
448	25.573603
449	25.633355
450	25.693106
451	25.752858
452	25.812609
453	25.872360
454	25.932112
455	25.991863
456	26.051615
457	26.111366
458	26.171117
459	26.230869
460	26.290620
461	26.350372
462	26.410123
463	26.469874
464	26.529626
465	26.589377
466	26.649129
467	26.708880
468	26.768631
469	26.828383
470	26.888134
471	26.947886
472	27.007637
473	27.067389
474	27.127140
475	27.186891
476	27.246643
477	27.306394
478	27.366146
479	27.425897
480	27.485648
481	27.545400
482	27.605151
483	27.664903
484	27.724654
485	27.784405
486	27.844157
487	27.903908
488	27.963660
489	28.023411
490	28.083163
491	28.142914
492	28.202665
493	28.262417
494	28.322168
495	28.381920
496	28.441671
497	28.501422
498	28.561174
499	28.620925
500	28.680677
501	28.740428
502	28.800179
503	28.859931
504	28.919682
505	28.979434
506	29.039185
507	29.098936
508	29.158688
509	29.218439
510	29.278191
511	29.337942
512	29.397694
513	29.457445
514	29.517196
515	29.576948
516	29.636699
517	29.696451
518	29.756202
519	29.815953
520	29.875705
521	29.935456
522	29.995208
523	30.054959
524	30.114710
525	30.174462
526	30.234213
527	30.293965
528	30.353716
529	30.413467
530	30.473219
531	30.532970
532	30.592722
533	30.652473
534	30.712225
535	30.771976
536	30.831727
537	30.891479
538	30.951230
539	31.010982
540	31.070733
541	31.130484
542	31.190236
543	31.249987
544	31.309739
545	31.369490
546	31.429241
547	31.488993
548	31.548744
549	31.608496
550	31.668247
551	31.727998
552	31.787750
553	31.847501
554	31.907253
555	31.967004
556	32.026756
557	32.086507
558	32.146258
559	32.206010
560	32.265761
561	32.325513
562	32.385264
563	32.445015
564	32.504767
565	32.564518
566	32.624270
567	32.684021
568	32.743772
569	32.803524
570	32.863275
571	32.923027
572	32.982778
573	33.042530
574	33.102281
575	33.162032
576	33.221784
577	33.281535
578	33.341287
579	33.401038
580	33.460789
581	33.520541
582	33.580292
583	33.640044
584	33.699795
585	33.759546
586	33.819298
587	33.879049
588	33.938801
589	33.998552
590	34.058303
591	34.118055
592	34.177806
593	34.237558
594	34.297309
595	34.357061
596	34.416812
597	34.476563
598	34.536315
599	34.596066
600	34.655818
601	34.715569
602	34.775320
603	34.835072
604	34.894823
605	34.954575
606	35.014326
607	35.074077
608	35.133829
609	35.193580
610	35.253332
611	35.313083
612	35.372834
613	35.432586
614	35.492337
615	35.552089
616	35.611840
617	35.671592
618	35.731343
619	35.791094
620	35.850846
621	35.910597
622	35.970349
623	36.030100
624	36.089851
625	36.149603
626	36.209354
627	36.269106
628	36.328857
629	36.388608
630	36.448360
631	36.508111
632	36.567863
633	36.627614
634	36.687365
635	36.747117
636	36.806868
637	36.866620
638	36.926371
639	36.986123
640	37.045874
641	37.105625
642	37.165377
643	37.225128
644	37.284880
645	37.344631
646	37.404382
647	37.464134
648	37.523885
649	37.583637
650	37.643388
651	37.703139
652	37.762891
653	37.822642
654	37.882394
655	37.942145
656	38.001896
657	38.061648
658	38.121399
659	38.181151
660	38.240902
661	38.300654
662	38.360405
663	38.420156
664	38.479908
665	38.539659
666	38.599411
667	38.659162
668	38.718913
669	38.778665
670	38.838416
671	38.898168
672	38.957919
673	39.017670
674	39.077422
675	39.137173
676	39.196925
677	39.256676
678	39.316428
679	39.376179
680	39.435930
681	39.495682
682	39.555433
683	39.615185
684	39.674936
685	39.734687
686	39.794439
687	39.854190
688	39.913942
689	39.973693
690	40.033444
691	40.093196
692	40.152947
693	40.212699
694	40.272450
695	40.332201
696	40.391953
697	40.451704
698	40.511456
699	40.571207
700	40.630959
701	40.690710
702	40.750461
703	40.810213
704	40.869964
705	40.929716
706	40.989467
707	41.049218
708	41.108970
709	41.168721
710	41.228473
711	41.288224
712	41.347975
713	41.407727
714	41.467478
715	41.527230
716	41.586981
717	41.646732
718	41.706484
719	41.766235
720	41.825987
721	41.885738
722	41.945490
723	42.005241
724	42.064992
725	42.124744
726	42.184495
727	42.244247
728	42.303998
729	42.363749
730	42.423501
731	42.483252
732	42.543004
733	42.602755
734	42.662506
735	42.722258
736	42.782009
737	42.841761
738	42.901512
739	42.961263
740	43.021015
741	43.080766
742	43.140518
743	43.200269
744	43.260021
745	43.319772
746	43.379523
747	43.439275
748	43.499026
749	43.558778
750	43.618529
751	43.678280
752	43.738032
753	43.797783
754	43.857535
755	43.917286
756	43.977037
757	44.036789
758	44.096540
759	44.156292
760	44.216043
761	44.275795
762	44.335546
763	44.395297
764	44.455049
765	44.514800
766	44.574552
767	44.634303
768	44.694054
769	44.753806
770	44.813557
771	44.873309
772	44.933060
773	44.992811
774	45.052563
775	45.112314
776	45.172066
777	45.231817
778	45.291568
779	45.351320
780	45.411071
781	45.470823
782	45.530574
783	45.590326
784	45.650077
785	45.709828
786	45.769580
787	45.829331
788	45.889083
789	45.948834
790	46.008585
791	46.068337
792	46.128088
793	46.187840
794	46.247591
795	46.307342
796	46.367094
797	46.426845
798	46.486597
799	46.546348
800	46.606099
801	46.665851
802	46.725602
803	46.785354
804	46.845105
805	46.904857
806	46.964608
807	47.024359
808	47.084111
809	47.143862
810	47.203614
811	47.263365
812	47.323116
813	47.382868
814	47.442619
815	47.502371
816	47.562122
817	47.621873
818	47.681625
819	47.741376
820	47.801128
821	47.860879
822	47.920630
823	47.980382
824	48.040133
825	48.099885
826	48.159636
827	48.219388
828	48.279139
829	48.338890
830	48.398642
831	48.458393
832	48.518145
833	48.577896
834	48.637647
835	48.697399
836	48.757150
837	48.816902
838	48.876653
839	48.936404
840	48.996156
841	49.055907
842	49.115659
843	49.175410
844	49.235161
845	49.294913
846	49.354664
847	49.414416
848	49.474167
849	49.533919
850	49.593670
851	49.653421
852	49.713173
853	49.772924
854	49.832676
855	49.892427
856	49.952178
857	50.011930
858	50.071681
859	50.131433
860	50.191184
861	50.250935
862	50.310687
863	50.370438
864	50.430190
865	50.489941
866	50.549693
867	50.609444
868	50.669195
869	50.728947
870	50.788698
871	50.848450
872	50.908201
873	50.967952
874	51.027704
875	51.087455
876	51.147207
877	51.206958
878	51.266709
879	51.326461
880	51.386212
881	51.445964
882	51.505715
883	51.565466
884	51.625218
885	51.684969
886	51.744721
887	51.804472
888	51.864224
889	51.923975
890	51.983726
891	52.043478
892	52.103229
893	52.162981
894	52.222732
895	52.282483
896	52.342235
897	52.401986
898	52.461738
899	52.521489
900	52.581240
901	52.640992
902	52.700743
903	52.760495
904	52.820246
905	52.879997
906	52.939749
907	52.999500
908	53.059252
909	53.119003
910	53.178755
911	53.238506
912	53.298257
913	53.358009
914	53.417760
915	53.477512
916	53.537263
917	53.597014
918	53.656766
919	53.716517
920	53.776269
921	53.836020
922	53.895771
923	53.955523
924	54.015274
925	54.075026
926	54.134777
927	54.194528
928	54.254280
929	54.314031
930	54.373783
931	54.433534
932	54.493286
933	54.553037
934	54.612788
935	54.672540
936	54.732291
937	54.792043
938	54.851794
939	54.911545
940	54.971297
941	55.031048
942	55.090800
943	55.150551
944	55.210302
945	55.270054
946	55.329805
947	55.389557
948	55.449308
949	55.509060
950	55.568811
951	55.628562
952	55.688314
953	55.748065
954	55.807817
955	55.867568
956	55.927319
957	55.987071
958	56.046822
959	56.106574
960	56.166325
961	56.226076
962	56.285828
963	56.345579
964	56.405331
965	56.465082
966	56.524833
967	56.584585
968	56.644336
969	56.704088
970	56.763839
971	56.823591
972	56.883342
973	56.943093
974	57.002845
975	57.062596
976	57.122348
977	57.182099
978	57.241850
979	57.301602
980	57.361353
981	57.421105
982	57.480856
983	57.540607
984	57.600359
985	57.660110
986	57.719862
987	57.779613
988	57.839364
989	57.899116
990	57.958867
991	58.018619
992	58.078370
993	58.138122
994	58.197873
995	58.257624
996	58.317376
997	58.377127
998	58.436879
999	58.496630
1000	58.556381
1001	58.616133
1002	58.675884
1003	58.735636
1004	58.795387
1005	58.855138
1006	58.914890
1007	58.974641
1008	59.034393
1009	59.094144
1010	59.153895
1011	59.213647
1012	59.273398
1013	59.333150
1014	59.392901
1015	59.452653
1016	59.512404
1017	59.572155
1018	59.631907
1019	59.691658
1020	59.751410
1021	59.811161
1022	59.870912
1023	59.930664
1024	59.990415
1025	60.050167
1026	60.109918
1027	60.169669
1028	60.229421
1029	60.289172
1030	60.348924
1031	60.408675
1032	60.468426
1033	60.528178
1034	60.587929
1035	60.647681
1036	60.707432
1037	60.767184
1038	60.826935
1039	60.886686
1040	60.946438
1041	61.006189
1042	61.065941
1043	61.125692
1044	61.185443
1045	61.245195
1046	61.304946
1047	61.364698
1048	61.424449
1049	61.484200
1050	61.543952
1051	61.603703
1052	61.663455
1053	61.723206
1054	61.782958
1055	61.842709
1056	61.902460
1057	61.962212
1058	62.021963
1059	62.081715
1060	62.141466
1061	62.201217
1062	62.260969
1063	62.320720
1064	62.380472
1065	62.440223
1066	62.499974
1067	62.559726
1068	62.619477
1069	62.679229
1070	62.738980
1071	62.798731
1072	62.858483
1073	62.918234
1074	62.977986
1075	63.037737
1076	63.097489
1077	63.157240
1078	63.216991
1079	63.276743
1080	63.336494
1081	63.396246
1082	63.455997
1083	63.515748
1084	63.575500
1085	63.635251
1086	63.695003
1087	63.754754
1088	63.814505
1089	63.874257
1090	63.934008
1091	63.993760
1092	64.053511
1093	64.113262
1094	64.173014
1095	64.232765
1096	64.292517
1097	64.352268
1098	64.412020
1099	64.471771
1100	64.531522
1101	64.591274
1102	64.651025
1103	64.710777
1104	64.770528
1105	64.830279
1106	64.890031
1107	64.949782
1108	65.009534
1109	65.069285
1110	65.129036
1111	65.188788
1112	65.248539
1113	65.308291
1114	65.368042
1115	65.427793
1116	65.487545
1117	65.547296
1118	65.607048
1119	65.666799
1120	65.726551
1121	65.786302
1122	65.846053
1123	65.905805
1124	65.965556
1125	66.025308
1126	66.085059
1127	66.144810
1128	66.204562
1129	66.264313
1130	66.324065
1131	66.383816
1132	66.443567
1133	66.503319
1134	66.563070
1135	66.622822
1136	66.682573
1137	66.742325
1138	66.802076
1139	66.861827
1140	66.921579
1141	66.981330
1142	67.041082
1143	67.100833
1144	67.160584
1145	67.220336
1146	67.280087
1147	67.339839
1148	67.399590
1149	67.459341
1150	67.519093
1151	67.578844
1152	67.638596
1153	67.698347
1154	67.758098
1155	67.817850
1156	67.877601
1157	67.937353
1158	67.997104
1159	68.056856
1160	68.116607
1161	68.176358
1162	68.236110
1163	68.295861
1164	68.355613
1165	68.415364
1166	68.475115
1167	68.534867
1168	68.594618
1169	68.654370
1170	68.714121
1171	68.773872
1172	68.833624
1173	68.893375
1174	68.953127
1175	69.012878
1176	69.072629
1177	69.132381
1178	69.192132
1179	69.251884
1180	69.311635
1181	69.371387
1182	69.431138
1183	69.490889
1184	69.550641
1185	69.610392
1186	69.670144
1187	69.729895
1188	69.789646
1189	69.849398
1190	69.909149
1191	69.968901
1192	70.028652
1193	70.088403
1194	70.148155
1195	70.207906
1196	70.267658
1197	70.327409
1198	70.387160
1199	70.446912
1200	70.506663
1201	70.566415
1202	70.626166
1203	70.685918
1204	70.745669
1205	70.805420
1206	70.865172
1207	70.924923
1208	70.984675
1209	71.044426
1210	71.104177
1211	71.163929
1212	71.223680
1213	71.283432
1214	71.343183
1215	71.402934
1216	71.462686
1217	71.522437
1218	71.582189
1219	71.641940
1220	71.701692
1221	71.761443
1222	71.821194
1223	71.880946
1224	71.940697
1225	72.000449
1226	72.060200
1227	72.119951
1228	72.179703
1229	72.239454
1230	72.299206
1231	72.358957
1232	72.418708
1233	72.478460
1234	72.538211
1235	72.597963
1236	72.657714
1237	72.717465
1238	72.777217
1239	72.836968
1240	72.896720
1241	72.956471
1242	73.016223
1243	73.075974
1244	73.135725
1245	73.195477
1246	73.255228
1247	73.314980
1248	73.374731
1249	73.434482
1250	73.494234
1251	73.553985
1252	73.613737
1253	73.673488
1254	73.733239
1255	73.792991
1256	73.852742
1257	73.912494
1258	73.972245
1259	74.031996
1260	74.091748
1261	74.151499
1262	74.211251
1263	74.271002
1264	74.330754
1265	74.390505
1266	74.450256
1267	74.510008
1268	74.569759
1269	74.629511
1270	74.689262
1271	74.749013
1272	74.808765
1273	74.868516
1274	74.928268
1275	74.988019
1276	75.047770
1277	75.107522
1278	75.167273
1279	75.227025
1280	75.286776
1281	75.346527
1282	75.406279
1283	75.466030
1284	75.525782
1285	75.585533
1286	75.645285
1287	75.705036
1288	75.764787
1289	75.824539
1290	75.884290
1291	75.944042
1292	76.003793
1293	76.063544
1294	76.123296
1295	76.183047
1296	76.242799
1297	76.302550
1298	76.362301
1299	76.422053
1300	76.481804
1301	76.541556
1302	76.601307
1303	76.661058
1304	76.720810
1305	76.780561
1306	76.840313
1307	76.900064
1308	76.959816
1309	77.019567
1310	77.079318
1311	77.139070
1312	77.198821
1313	77.258573
1314	77.318324
1315	77.378075
1316	77.437827
1317	77.497578
1318	77.557330
1319	77.617081
1320	77.676832
1321	77.736584
1322	77.796335
1323	77.856087
1324	77.915838
1325	77.975590
1326	78.035341
1327	78.095092
1328	78.154844
1329	78.214595
1330	78.274347
1331	78.334098
1332	78.393849
1333	78.453601
1334	78.513352
1335	78.573104
1336	78.632855
1337	78.692606
1338	78.752358
1339	78.812109
1340	78.871861
1341	78.931612
1342	78.991363
1343	79.051115
1344	79.110866
1345	79.170618
1346	79.230369
1347	79.290121
1348	79.349872
1349	79.409623
1350	79.469375
1351	79.529126
1352	79.588878
1353	79.648629
1354	79.708380
1355	79.768132
1356	79.827883
1357	79.887635
1358	79.947386
1359	80.007137
1360	80.066889
1361	80.126640
1362	80.186392
1363	80.246143
1364	80.305894
1365	80.365646
1366	80.425397
1367	80.485149
1368	80.544900
1369	80.604652
1370	80.664403
1371	80.724154
1372	80.783906
1373	80.843657
1374	80.903409
1375	80.963160
1376	81.022911
1377	81.082663
1378	81.142414
1379	81.202166
1380	81.261917
1381	81.321668
1382	81.381420
1383	81.441171
1384	81.500923
1385	81.560674
1386	81.620425
1387	81.680177
1388	81.739928
1389	81.799680
1390	81.859431
1391	81.919183
1392	81.978934
1393	82.038685
1394	82.098437
1395	82.158188
1396	82.217940
1397	82.277691
1398	82.337442
1399	82.397194
1400	82.456945
1401	82.516697
1402	82.576448
1403	82.636199
1404	82.695951
1405	82.755702
1406	82.815454
1407	82.875205
1408	82.934957
1409	82.994708
1410	83.054459
1411	83.114211
1412	83.173962
1413	83.233714
1414	83.293465
1415	83.353216
1416	83.412968
1417	83.472719
1418	83.532471
1419	83.592222
1420	83.651973
1421	83.711725
1422	83.771476
1423	83.831228
1424	83.890979
1425	83.950730
1426	84.010482
1427	84.070233
1428	84.129985
1429	84.189736
1430	84.249488
1431	84.309239
1432	84.368990
1433	84.428742
1434	84.488493
1435	84.548245
1436	84.607996
1437	84.667747
1438	84.727499
1439	84.787250
1440	84.847002
1441	84.906753
1442	84.966504
1443	85.026256
1444	85.086007
1445	85.145759
1446	85.205510
1447	85.265261
1448	85.325013
1449	85.384764
1450	85.444516
1451	85.504267
1452	85.564019
1453	85.623770
1454	85.683521
1455	85.743273
1456	85.803024
1457	85.862776
1458	85.922527
1459	85.982278
1460	86.042030
1461	86.101781
1462	86.161533
1463	86.221284
1464	86.281035
1465	86.340787
1466	86.400538
1467	86.460290
1468	86.520041
1469	86.579792
1470	86.639544
1471	86.699295
1472	86.759047
1473	86.818798
1474	86.878550
1475	86.938301
1476	86.998052
1477	87.057804
1478	87.117555
1479	87.177307
1480	87.237058
1481	87.296809
1482	87.356561
1483	87.416312
1484	87.476064
1485	87.535815
1486	87.595566
1487	87.655318
1488	87.715069
1489	87.774821
1490	87.834572
1491	87.894323
1492	87.954075
1493	88.013826
1494	88.073578
1495	88.133329
1496	88.193081
1497	88.252832
1498	88.312583
1499	88.372335
1500	88.432086
1501	88.491838
1502	88.551589
1503	88.611340
1504	88.671092
1505	88.730843
1506	88.790595
1507	88.850346
1508	88.910097
1509	88.969849
1510	89.029600
1511	89.089352
1512	89.149103
1513	89.208855
1514	89.268606
1515	89.328357
1516	89.388109
1517	89.447860
1518	89.507612
1519	89.567363
1520	89.627114
1521	89.686866
1522	89.746617
1523	89.806369
1524	89.866120
1525	89.925871
1526	89.985623
1527	90.045374
1528	90.105126
1529	90.164877
1530	90.224628
1531	90.284380
1532	90.344131
1533	90.403883
1534	90.463634
1535	90.523386
1536	90.583137
1537	90.642888
1538	90.702640
1539	90.762391
1540	90.822143
1541	90.881894
1542	90.941645
1543	91.001397
1544	91.061148
1545	91.120900
1546	91.180651
1547	91.240402
1548	91.300154
1549	91.359905
1550	91.419657
1551	91.479408
1552	91.539159
1553	91.598911
1554	91.658662
1555	91.718414
1556	91.778165
1557	91.837917
1558	91.897668
1559	91.957419
1560	92.017171
1561	92.076922
1562	92.136674
1563	92.196425
1564	92.256176
1565	92.315928
1566	92.375679
1567	92.435431
1568	92.495182
1569	92.554933
1570	92.614685
1571	92.674436
1572	92.734188
1573	92.793939
1574	92.853690
1575	92.913442
1576	92.973193
1577	93.032945
1578	93.092696
1579	93.152448
1580	93.212199
1581	93.271950
1582	93.331702
1583	93.391453
1584	93.451205
1585	93.510956
1586	93.570707
1587	93.630459
1588	93.690210
1589	93.749962
1590	93.809713
1591	93.869464
1592	93.929216
1593	93.988967
1594	94.048719
1595	94.108470
1596	94.168222
1597	94.227973
1598	94.287724
1599	94.347476
1600	94.407227
1601	94.466979
1602	94.526730
1603	94.586481
1604	94.646233
1605	94.705984
1606	94.765736
1607	94.825487
1608	94.885238
1609	94.944990
1610	95.004741
1611	95.064493
1612	95.124244
1613	95.183995
1614	95.243747
1615	95.303498
1616	95.363250
1617	95.423001
1618	95.482753
1619	95.542504
1620	95.602255
1621	95.662007
1622	95.721758
1623	95.781510
1624	95.841261
1625	95.901012
1626	95.960764
1627	96.020515
1628	96.080267
1629	96.140018
1630	96.199769
1631	96.259521
1632	96.319272
1633	96.379024
1634	96.438775
1635	96.498526
1636	96.558278
1637	96.618029
1638	96.677781
1639	96.737532
1640	96.797284
1641	96.857035
1642	96.916786
1643	96.976538
1644	97.036289
1645	97.096041
1646	97.155792
1647	97.215543
1648	97.275295
1649	97.335046
1650	97.394798
1651	97.454549
1652	97.514300
1653	97.574052
1654	97.633803
1655	97.693555
1656	97.753306
1657	97.813057
1658	97.872809
1659	97.932560
1660	97.992312
1661	98.052063
1662	98.111815
1663	98.171566
1664	98.231317
1665	98.291069
1666	98.350820
1667	98.410572
1668	98.470323
1669	98.530074
1670	98.589826
1671	98.649577
1672	98.709329
1673	98.769080
1674	98.828831
1675	98.888583
1676	98.948334
1677	99.008086
1678	99.067837
1679	99.127588
1680	99.187340
1681	99.247091
1682	99.306843
1683	99.366594
1684	99.426346
1685	99.486097
1686	99.545848
1687	99.605600
1688	99.665351
1689	99.725103
1690	99.784854
1691	99.844605
1692	99.904357
1693	99.964108
1694	100.023860
1695	100.083611
1696	100.143362
1697	100.203114
1698	100.262865
1699	100.322617
1700	100.382368
1701	100.442120
1702	100.501871
1703	100.561622
1704	100.621374
1705	100.681125
1706	100.740877
1707	100.800628
1708	100.860379
1709	100.920131
1710	100.979882
1711	101.039634
1712	101.099385
1713	101.159136
1714	101.218888
1715	101.278639
1716	101.338391
1717	101.398142
1718	101.457893
1719	101.517645
1720	101.577396
1721	101.637148
1722	101.696899
1723	101.756651
1724	101.816402
1725	101.876153
1726	101.935905
1727	101.995656
1728	102.055408
1729	102.115159
1730	102.174910
1731	102.234662
1732	102.294413
1733	102.354165
1734	102.413916
1735	102.473667
1736	102.533419
1737	102.593170
1738	102.652922
1739	102.712673
1740	102.772424
1741	102.832176
1742	102.891927
1743	102.951679
1744	103.011430
1745	103.071182
1746	103.130933
1747	103.190684
1748	103.250436
1749	103.310187
1750	103.369939
1751	103.429690
1752	103.489441
1753	103.549193
1754	103.608944
1755	103.668696
1756	103.728447
1757	103.788198
1758	103.847950
1759	103.907701
1760	103.967453
1761	104.027204
1762	104.086955
1763	104.146707
1764	104.206458
1765	104.266210
1766	104.325961
1767	104.385713
1768	104.445464
1769	104.505215
1770	104.564967
1771	104.624718
1772	104.684470
1773	104.744221
1774	104.803972
1775	104.863724
1776	104.923475
1777	104.983227
1778	105.042978
1779	105.102729
1780	105.162481
1781	105.222232
1782	105.281984
1783	105.341735
1784	105.401487
1785	105.461238
1786	105.520989
1787	105.580741
1788	105.640492
1789	105.700244
1790	105.759995
1791	105.819746
1792	105.879498
1793	105.939249
1794	105.999001
1795	106.058752
1796	106.118503
1797	106.178255
1798	106.238006
1799	106.297758
1800	106.357509
1801	106.417260
1802	106.477012
1803	106.536763
1804	106.596515
1805	106.656266
1806	106.716018
1807	106.775769
1808	106.835520
1809	106.895272
1810	106.955023
1811	107.014775
1812	107.074526
1813	107.134277
1814	107.194029
1815	107.253780
1816	107.313532
1817	107.373283
1818	107.433034
1819	107.492786
1820	107.552537
1821	107.612289
1822	107.672040
1823	107.731791
1824	107.791543
1825	107.851294
1826	107.911046
1827	107.970797
1828	108.030549
1829	108.090300
1830	108.150051
1831	108.209803
1832	108.269554
1833	108.329306
1834	108.389057
1835	108.448808
1836	108.508560
1837	108.568311
1838	108.628063
1839	108.687814
1840	108.747565
1841	108.807317
1842	108.867068
1843	108.926820
1844	108.986571
1845	109.046322
1846	109.106074
1847	109.165825
1848	109.225577
1849	109.285328
1850	109.345080
1851	109.404831
1852	109.464582
1853	109.524334
1854	109.584085
1855	109.643837
1856	109.703588
1857	109.763339
1858	109.823091
1859	109.882842
1860	109.942594
1861	110.002345
1862	110.062096
1863	110.121848
1864	110.181599
1865	110.241351
1866	110.301102
1867	110.360854
1868	110.420605
1869	110.480356
1870	110.540108
1871	110.599859
1872	110.659611
1873	110.719362
1874	110.779113
1875	110.838865
1876	110.898616
1877	110.958368
1878	111.018119
1879	111.077870
1880	111.137622
1881	111.197373
1882	111.257125
1883	111.316876
1884	111.376627
1885	111.436379
1886	111.496130
1887	111.555882
1888	111.615633
1889	111.675385
1890	111.735136
1891	111.794887
1892	111.854639
1893	111.914390
1894	111.974142
1895	112.033893
1896	112.093644
1897	112.153396
1898	112.213147
1899	112.272899
1900	112.332650
1901	112.392401
1902	112.452153
1903	112.511904
1904	112.571656
1905	112.631407
1906	112.691158
1907	112.750910
1908	112.810661
1909	112.870413
1910	112.930164
1911	112.989916
1912	113.049667
1913	113.109418
1914	113.169170
1915	113.228921
1916	113.288673
1917	113.348424
1918	113.408175
1919	113.467927
1920	113.527678
1921	113.587430
1922	113.647181
1923	113.706932
1924	113.766684
1925	113.826435
1926	113.886187
1927	113.945938
1928	114.005689
1929	114.065441
1930	114.125192
1931	114.184944
1932	114.244695
1933	114.304447
1934	114.364198
1935	114.423949
1936	114.483701
1937	114.543452
1938	114.603204
1939	114.662955
1940	114.722706
1941	114.782458
1942	114.842209
1943	114.901961
1944	114.961712
1945	115.021463
1946	115.081215
1947	115.140966
1948	115.200718
1949	115.260469
1950	115.320220
1951	115.379972
1952	115.439723
1953	115.499475
1954	115.559226
1955	115.618978
1956	115.678729
1957	115.738480
1958	115.798232
1959	115.857983
1960	115.917735
1961	115.977486
1962	116.037237
1963	116.096989
1964	116.156740
1965	116.216492
1966	116.276243
1967	116.335994
1968	116.395746
1969	116.455497
1970	116.515249
1971	116.575000
1972	116.634752
1973	116.694503
1974	116.754254
1975	116.814006
1976	116.873757
1977	116.933509
1978	116.993260
1979	117.053011
1980	117.112763
1981	117.172514
1982	117.232266
1983	117.292017
1984	117.351768
1985	117.411520
1986	117.471271
1987	117.531023
1988	117.590774
1989	117.650525
1990	117.710277
1991	117.770028
1992	117.829780
1993	117.889531
1994	117.949283
1995	118.009034
1996	118.068785
1997	118.128537
1998	118.188288
1999	118.248040
2000	118.307791
2001	118.367542
2002	118.427294
2003	118.487045
2004	118.546797
2005	118.606548
2006	118.666299
2007	118.726051
2008	118.785802
2009	118.845554
2010	118.905305
2011	118.965056
2012	119.024808
2013	119.084559
2014	119.144311
2015	119.204062
2016	119.263814
2017	119.323565
2018	119.383316
2019	119.443068
2020	119.502819
2021	119.562571
2022	119.622322
2023	119.682073
2024	119.741825
2025	119.801576
2026	119.861328
2027	119.921079
2028	119.980830
2029	120.040582
2030	120.100333
2031	120.160085
2032	120.219836
2033	120.279587
2034	120.339339
2035	120.399090
2036	120.458842
2037	120.518593
2038	120.578345
2039	120.638096
2040	120.697847
2041	120.757599
2042	120.817350
2043	120.877102
2044	120.936853
2045	120.996604
2046	121.056356
2047	121.116107
