0	-1.182220
1	-1.123109
2	-1.063998
3	-1.004887
4	-0.945776
5	-0.886665
6	-0.827554
7	-0.768443
8	-0.709332
9	-0.650221
10	-0.591110
11	-0.531999
12	-0.472888
13	-0.413777
14	-0.354666
15	-0.295555
16	-0.236444
17	-0.177333
18	-0.118222
19	-0.059111
20	0.000000
21	0.059111
22	0.118222
23	0.177333
24	0.236444
25	0.295555
26	0.354666
27	0.413777
28	0.472888
29	0.531999
30	0.591110
31	0.650221
32	0.709332
33	0.768443
34	0.827554
35	0.886665
36	0.945776
37	1.004887
38	1.063998
39	1.123109
40	1.182220
41	1.241331
42	1.300442
43	1.359553
44	1.418664
45	1.477775
46	1.536885
47	1.595996
48	1.655107
49	1.714218
50	1.773329
51	1.832440
52	1.891551
53	1.950662
54	2.009773
55	2.068884
56	2.127995
57	2.187106
58	2.246217
59	2.305328
60	2.364439
61	2.423550
62	2.482661
63	2.541772
64	2.600883
65	2.659994
66	2.719105
67	2.778216
68	2.837327
69	2.896438
70	2.955549
71	3.014660
72	3.073771
73	3.132882
74	3.191993
75	3.251104
76	3.310215
77	3.369326
78	3.428437
79	3.487548
80	3.546659
81	3.605770
82	3.664881
83	3.723992
84	3.783103
85	3.842214
86	3.901325
87	3.960436
88	4.019547
89	4.078658
90	4.137769
91	4.196880
92	4.255991
93	4.315102
94	4.374213
95	4.433323
96	4.492434
97	4.551545
98	4.610656
99	4.669767
100	4.728878
101	4.787989
102	4.847100
103	4.906211
104	4.965322
105	5.024433
106	5.083544
107	5.142655
108	5.201766
109	5.260877
110	5.319988
111	5.379099
112	5.438210
113	5.497321
114	5.556432
115	5.615543
116	5.674654
117	5.733765
118	5.792876
119	5.851987
120	5.911098
121	5.970209
122	6.029320
123	6.088431
124	6.147542
125	6.206653
126	6.265764
127	6.324875
128	6.383986
129	6.443097
130	6.502208
131	6.561319
132	6.620430
133	6.679541
134	6.738652
135	6.797763
136	6.856874
137	6.915985
138	6.975096
139	7.034207
140	7.093318
141	7.152429
142	7.211540
143	7.270651
144	7.329762
145	7.388872
146	7.447983
147	7.507094
148	7.566205
149	7.625316
150	7.684427
151	7.743538
152	7.802649
153	7.861760
154	7.920871
155	7.979982
156	8.039093
157	8.098204
158	8.157315
159	8.216426
160	8.275537
161	8.334648
162	8.393759
163	8.452870
164	8.511981
165	8.571092
166	8.630203
167	8.689314
168	8.748425
169	8.807536
170	8.866647
171	8.925758
172	8.984869
173	9.043980
174	9.103091
175	9.162202
176	9.221313
177	9.280424
178	9.339535
179	9.398646
180	9.457757
181	9.516868
182	9.575979
183	9.635090
184	9.694201
185	9.753312
186	9.812423
187	9.871534
188	9.930645
189	9.989756
190	10.048867
191	10.107978
192	10.167089
193	10.226200
194	10.285310
195	10.344421
196	10.403532
197	10.462643
198	10.521754
199	10.580865
200	10.639976
201	10.699087
202	10.758198
203	10.817309
204	10.876420
205	10.935531
206	10.994642
207	11.053753
208	11.112864
209	11.171975
210	11.231086
211	11.290197
212	11.349308
213	11.408419
214	11.467530
215	11.526641
216	11.585752
217	11.644863
218	11.703974
219	11.763085
220	11.822196
221	11.881307
222	11.940418
223	11.999529
224	12.058640
225	12.117751
226	12.176862
227	12.235973
228	12.295084
229	12.354195
230	12.413306
231	12.472417
232	12.531528
233	12.590639
234	12.649750
235	12.708861
236	12.767972
237	12.827083
238	12.886194
239	12.945305
240	13.004416
241	13.063527
242	13.122638
243	13.181749
244	13.240859
245	13.299970
246	13.359081
247	13.418192
248	13.477303
249	13.536414
250	13.595525
251	13.654636
252	13.713747
253	13.772858
254	13.831969
255	13.891080
256	13.950191
257	14.009302
258	14.068413
259	14.127524
260	14.186635
261	14.245746
262	14.304857
263	14.363968
264	14.423079
265	14.482190
266	14.541301
267	14.600412
268	14.659523
269	14.718634
270	14.777745
271	14.836856
272	14.895967
273	14.955078
274	15.014189
275	15.073300
276	15.132411
277	15.191522
278	15.250633
279	15.309744
280	15.368855
281	15.427966
282	15.487077
283	15.546188
284	15.605299
285	15.664410
286	15.723521
287	15.782632
288	15.841743
289	15.900854
290	15.959965
291	16.019076
292	16.078187
293	16.137297
294	16.196408
295	16.255519
296	16.314630
297	16.373741
298	16.432852
299	16.491963
300	16.551074
301	16.610185
302	16.669296
303	16.728407
304	16.787518
305	16.846629
306	16.905740
307	16.964851
308	17.023962
309	17.083073
310	17.142184
311	17.201295
312	17.260406
313	17.319517
314	17.378628
315	17.437739
316	17.496850
317	17.555961
318	17.615072
319	17.674183
320	17.733294
321	17.792405
322	17.851516
323	17.910627
324	17.969738
325	18.028849
326	18.087960
327	18.147071
328	18.206182
329	18.265293
330	18.324404
331	18.383515
332	18.442626
333	18.501737
334	18.560848
335	18.619959
336	18.679070
337	18.738181
338	18.797292
339	18.856403
340	18.915514
341	18.974625
342	19.033736
343	19.092846
344	19.151957
345	19.211068
346	19.270179
347	19.329290
348	19.388401
349	19.447512
350	19.506623
351	19.565734
352	19.624845
353	19.683956
354	19.743067
355	19.802178
356	19.861289
357	19.920400
358	19.979511
359	20.038622
360	20.097733
361	20.156844
362	20.215955
363	20.275066
364	20.334177
365	20.393288
366	20.452399
367	20.511510
368	20.570621
369	20.629732
370	20.688843
371	20.747954
372	20.807065
373	20.866176
374	20.925287
375	20.984398
376	21.043509
377	21.102620
378	21.161731
379	21.220842
380	21.279953
381	21.339064
382	21.398175
383	21.457286
384	21.516397
385	21.575508
386	21.634619
387	21.693730
388	21.752841
389	21.811952
390	21.871063
391	21.930174
392	21.989284
393	22.048395
394	22.107506
395	22.166617
396	22.225728
397	22.284839
398	22.343950
399	22.403061
400	22.462172
401	22.521283
402	22.580394
403	22.639505
404	22.698616
405	22.757727
406	22.816838
407	22.875949
408	22.935060
409	22.994171
410	23.053282
411	23.112393
412	23.171504
413	23.230615
414	23.289726
415	23.348837
416	23.407948
417	23.467059
418	23.526170
419	23.585281
420	23.644392
421	23.703503
422	23.762614
423	23.821725
424	23.880836
425	23.939947
426	23.999058
427	24.058169
428	24.117280
429	24.176391
430	24.235502
431	24.294613
432	24.353724
433	24.412835
434	24.471946
435	24.531057
436	24.590168
437	24.649279
438	24.708390
439	24.767501
440	24.826612
441	24.885723
442	24.944833
443	25.003944
444	25.063055
445	25.122166
446	25.181277
447	25.240388
448	25.299499
449	25.358610
450	25.417721
451	25.476832
452	25.535943
453	25.595054
454	25.654165
455	25.713276
456	25.772387
457	25.831498
458	25.890609
459	25.949720
460	26.008831
461	26.067942
462	26.127053
463	26.186164
464	26.245275
465	26.304386
466	26.363497
467	26.422608
468	26.481719
469	26.540830
470	26.599941
471	26.659052
472	26.718163
473	26.777274
474	26.836385
475	26.895496
476	26.954607
477	27.013718
478	27.072829
479	27.131940
480	27.191051
481	27.250162
482	27.309273
483	27.368384
484	27.427495
485	27.486606
486	27.545717
487	27.604828
488	27.663939
489	27.723050
490	27.782161
491	27.841271
492	27.900382
493	27.959493
494	28.018604
495	28.077715
496	28.136826
497	28.195937
498	28.255048
499	28.314159
500	28.373270
501	28.432381
502	28.491492
503	28.550603
504	28.609714
505	28.668825
506	28.727936
507	28.787047
508	28.846158
509	28.905269
510	28.964380
511	29.023491
512	29.082602
513	29.141713
514	29.200824
515	29.259935
516	29.319046
517	29.378157
518	29.437268
519	29.496379
520	29.555490
521	29.614601
522	29.673712
523	29.732823
524	29.791934
525	29.851045
526	29.910156
527	29.969267
528	30.028378
529	30.087489
530	30.146600
531	30.205711
532	30.264822
533	30.323933
534	30.383044
535	30.442155
536	30.501266
537	30.560377
538	30.619488
539	30.678599
540	30.737709
541	30.796820
542	30.855931
543	30.915042
544	30.974153
545	31.033264
546	31.092375
547	31.151486
548	31.210597
549	31.269708
550	31.328819
551	31.387930
552	31.447041
553	31.506152
554	31.565263
555	31.624374
556	31.683485
557	31.742596
558	31.801707
559	31.860818
560	31.919929
561	31.979040
562	32.038151
563	32.097262
564	32.156373
565	32.215484
566	32.274595
567	32.333706
568	32.392817
569	32.451928
570	32.511039
571	32.570150
572	32.629261
573	32.688372
574	32.747483
575	32.806594
576	32.865705
577	32.924816
578	32.983927
579	33.043038
580	33.102149
581	33.161260
582	33.220371
583	33.279482
584	33.338593
585	33.397704
586	33.456815
587	33.515926
588	33.575037
589	33.634148
590	33.693258
591	33.752369
592	33.811480
593	33.870591
594	33.929702
595	33.988813
596	34.047924
597	34.107035
598	34.166146
599	34.225257
600	34.284368
601	34.343479
602	34.402590
603	34.461701
604	34.520812
605	34.579923
606	34.639034
607	34.698145
608	34.757256
609	34.816367
610	34.875478
611	34.934589
612	34.993700
613	35.052811
614	35.111922
615	35.171033
616	35.230144
617	35.289255
618	35.348366
619	35.407477
620	35.466588
621	35.525699
622	35.584810
623	35.643921
624	35.703032
625	35.762143
626	35.821254
627	35.880365
628	35.939476
629	35.998587
630	36.057698
631	36.116809
632	36.175920
633	36.235031
634	36.294142
635	36.353253
636	36.412364
637	36.471475
638	36.530586
639	36.589696
640	36.648807
641	36.707918
642	36.767029
643	36.826140
644	36.885251
645	36.944362
646	37.003473
647	37.062584
648	37.121695
649	37.180806
650	37.239917
651	37.299028
652	37.358139
653	37.417250
654	37.476361
655	37.535472
656	37.594583
657	37.653694
658	37.712805
659	37.771916
660	37.831027
661	37.890138
662	37.949249
663	38.008360
664	38.067471
665	38.126582
666	38.185693
667	38.244804
668	38.303915
669	38.363026
670	38.422137
671	38.481248
672	38.540359
673	38.599470
674	38.658581
675	38.717692
676	38.776803
677	38.835914
678	38.895025
679	38.954136
680	39.013247
681	39.072358
682	39.131469
683	39.190580
684	39.249691
685	39.308802
686	39.367913
687	39.427024
688	39.486135
689	39.545245
690	39.604356
691	39.663467
692	39.722578
693	39.781689
694	39.840800
695	39.899911
696	39.959022
697	40.018133
698	40.077244
699	40.136355
700	40.195466
701	40.254577
702	40.313688
703	40.372799
704	40.431910
705	40.491021
706	40.550132
707	40.609243
708	40.668354
709	40.727465
710	40.786576
711	40.845687
712	40.904798
713	40.963909
714	41.023020
715	41.082131
716	41.141242
717	41.200353
718	41.259464
719	41.318575
720	41.377686
721	41.436797
722	41.495908
723	41.555019
724	41.614130
725	41.673241
726	41.732352
727	41.791463
728	41.850574
729	41.909685
730	41.968796
731	42.027907
732	42.087018
733	42.146129
734	42.205240
735	42.264351
736	42.323462
737	42.382573
738	42.441683
739	42.500794
740	42.559905
741	42.619016
742	42.678127
743	42.737238
744	42.796349
745	42.855460
746	42.914571
747	42.973682
748	43.032793
749	43.091904
750	43.151015
751	43.210126
752	43.269237
753	43.328348
754	43.387459
755	43.446570
756	43.505681
757	43.564792
758	43.623903
759	43.683014
760	43.742125
761	43.801236
762	43.860347
763	43.919458
764	43.978569
765	44.037680
766	44.096791
767	44.155902
768	44.215013
769	44.274124
770	44.333235
771	44.392346
772	44.451457
773	44.510568
774	44.569679
775	44.628790
776	44.687901
777	44.747012
778	44.806123
779	44.865234
780	44.924345
781	44.983456
782	45.042567
783	45.101678
784	45.160789
785	45.219900
786	45.279011
787	45.338122
788	45.397232
789	45.456343
790	45.515454
791	45.574565
792	45.633676
793	45.692787
794	45.751898
795	45.811009
796	45.870120
797	45.929231
798	45.988342
799	46.047453
800	46.106564
801	46.165675
802	46.224786
803	46.283897
804	46.343008
805	46.402119
806	46.461230
807	46.520341
808	46.579452
809	46.638563
810	46.697674
811	46.756785
812	46.815896
813	46.875007
814	46.934118
815	46.993229
816	47.052340
817	47.111451
818	47.170562
819	47.229673
820	47.288784
821	47.347895
822	47.407006
823	47.466117
824	47.525228
825	47.584339
826	47.643450
827	47.702561
828	47.761672
829	47.820783
830	47.879894
831	47.939005
832	47.998116
833	48.057227
834	48.116338
835	48.175449
836	48.234560
837	48.293670
838	48.352781
839	48.411892
840	48.471003
841	48.530114
842	48.589225
843	48.648336
844	48.707447
845	48.766558
846	48.825669
847	48.884780
848	48.943891
849	49.003002
850	49.062113
851	49.121224
852	49.180335
853	49.239446
854	49.298557
855	49.357668
856	49.416779
857	49.475890
858	49.535001
859	49.594112
860	49.653223
861	49.712334
862	49.771445
863	49.830556
864	49.889667
865	49.948778
866	50.007889
867	50.067000
868	50.126111
869	50.185222
870	50.244333
871	50.303444
872	50.362555
873	50.421666
874	50.480777
875	50.539888
876	50.598999
877	50.658110
878	50.717221
879	50.776332
880	50.835443
881	50.894554
882	50.953665
883	51.012776
884	51.071887
885	51.130998
886	51.190109
887	51.249219
888	51.308330
889	51.367441
890	51.426552
891	51.485663
892	51.544774
893	51.603885
894	51.662996
895	51.722107
896	51.781218
897	51.840329
898	51.899440
899	51.958551
900	52.017662
901	52.076773
902	52.135884
903	52.194995
904	52.254106
905	52.313217
906	52.372328
907	52.431439
908	52.490550
909	52.549661
910	52.608772
911	52.667883
912	52.726994
913	52.786105
914	52.845216
915	52.904327
916	52.963438
917	53.022549
918	53.081660
919	53.140771
920	53.199882
921	53.258993
922	53.318104
923	53.377215
924	53.436326
925	53.495437
926	53.554548
927	53.613659
928	53.672770
929	53.731881
930	53.790992
931	53.850103
932	53.909214
933	53.968325
934	54.027436
935	54.086547
936	54.145657
937	54.204768
938	54.263879
939	54.322990
940	54.382101
941	54.441212
942	54.500323
943	54.559434
944	54.618545
945	54.677656
946	54.736767
947	54.795878
948	54.854989
949	54.914100
950	54.973211
951	55.032322
952	55.091433
953	55.150544
954	55.209655
955	55.268766
956	55.327877
957	55.386988
958	55.446099
959	55.505210
960	55.564321
961	55.623432
962	55.682543
963	55.741654
964	55.800765
965	55.859876
966	55.918987
967	55.978098
968	56.037209
969	56.096320
970	56.155431
971	56.214542
972	56.273653
973	56.332764
974	56.391875
975	56.450986
976	56.510097
977	56.569208
978	56.628319
979	56.687430
980	56.746541
981	56.805652
982	56.864763
983	56.923874
984	56.982985
985	57.042095
986	57.101206
987	57.160317
988	57.219428
989	57.278539
990	57.337650
991	57.396761
992	57.455872
993	57.514983
994	57.574094
995	57.633205
996	57.692316
997	57.751427
998	57.810538
999	57.869649
1000	57.928760
1001	57.987871
1002	58.046982
1003	58.106093
1004	58.165204
1005	58.224315
1006	58.283426
1007	58.342537
1008	58.401648
1009	58.460759
1010	58.519870
1011	58.578981
1012	58.638092
1013	58.697203
1014	58.756314
1015	58.815425
1016	58.874536
1017	58.933647
1018	58.992758
1019	59.051869
1020	59.110980
1021	59.170091
1022	59.229202
1023	59.288313
1024	59.347424
1025	59.406535
1026	59.465646
1027	59.524757
1028	59.583868
1029	59.642979
1030	59.702090
1031	59.761201
1032	59.820312
1033	59.879423
1034	59.938534
1035	59.997644
1036	60.056755
1037	60.115866
1038	60.174977
1039	60.234088
1040	60.293199
1041	60.352310
1042	60.411421
1043	60.470532
1044	60.529643
1045	60.588754
1046	60.647865
1047	60.706976
1048	60.766087
1049	60.825198
1050	60.884309
1051	60.943420
1052	61.002531
1053	61.061642
1054	61.120753
1055	61.179864
1056	61.238975
1057	61.298086
1058	61.357197
1059	61.416308
1060	61.475419
1061	61.534530
1062	61.593641
1063	61.652752
1064	61.711863
1065	61.770974
1066	61.830085
1067	61.889196
1068	61.948307
1069	62.007418
1070	62.066529
1071	62.125640
1072	62.184751
1073	62.243862
1074	62.302973
1075	62.362084
1076	62.421195
1077	62.480306
1078	62.539417
1079	62.598528
1080	62.657639
1081	62.716750
1082	62.775861
1083	62.834972
1084	62.894082
1085	62.953193
1086	63.012304
1087	63.071415
1088	63.130526
1089	63.189637
1090	63.248748
1091	63.307859
1092	63.366970
1093	63.426081
1094	63.485192
1095	63.544303
1096	63.603414
1097	63.662525
1098	63.721636
1099	63.780747
1100	63.839858
1101	63.898969
1102	63.958080
1103	64.017191
1104	64.076302
1105	64.135413
1106	64.194524
1107	64.253635
1108	64.312746
1109	64.371857
1110	64.430968
1111	64.490079
1112	64.549190
1113	64.608301
1114	64.667412
1115	64.726523
1116	64.785634
1117	64.844745
1118	64.903856
1119	64.962967
1120	65.022078
1121	65.081189
1122	65.140300
1123	65.199411
1124	65.258522
1125	65.317633
1126	65.376744
1127	65.435855
1128	65.494966
1129	65.554077
1130	65.613188
1131	65.672299
1132	65.731410
1133	65.790521
1134	65.849631
1135	65.908742
1136	65.967853
1137	66.026964
1138	66.086075
1139	66.145186
1140	66.204297
1141	66.263408
1142	66.322519
1143	66.381630
1144	66.440741
1145	66.499852
1146	66.558963
1147	66.618074
1148	66.677185
1149	66.736296
1150	66.795407
1151	66.854518
1152	66.913629
1153	66.972740
1154	67.031851
1155	67.090962
1156	67.150073
1157	67.209184
1158	67.268295
1159	67.327406
1160	67.386517
1161	67.445628
1162	67.504739
1163	67.563850
1164	67.622961
1165	67.682072
1166	67.741183
1167	67.800294
1168	67.859405
1169	67.918516
1170	67.977627
1171	68.036738
1172	68.095849
1173	68.154960
1174	68.214071
1175	68.273182
1176	68.332293
1177	68.391404
1178	68.450515
1179	68.509626
1180	68.568737
1181	68.627848
1182	68.686959
1183	68.746069
1184	68.805180
1185	68.864291
1186	68.923402
1187	68.982513
1188	69.041624
1189	69.100735
1190	69.159846
1191	69.218957
1192	69.278068
1193	69.337179
1194	69.396290
1195	69.455401
1196	69.514512
1197	69.573623
1198	69.632734
1199	69.691845
1200	69.750956
1201	69.810067
1202	69.869178
1203	69.928289
1204	69.987400
1205	70.046511
1206	70.105622
1207	70.164733
1208	70.223844
1209	70.282955
1210	70.342066
1211	70.401177
1212	70.460288
1213	70.519399
1214	70.578510
1215	70.637621
1216	70.696732
1217	70.755843
1218	70.814954
1219	70.874065
1220	70.933176
1221	70.992287
1222	71.051398
1223	71.110509
1224	71.169620
1225	71.228731
1226	71.287842
1227	71.346953
1228	71.406064
1229	71.465175
1230	71.524286
1231	71.583397
1232	71.642508
1233	71.701618
1234	71.760729
1235	71.819840
1236	71.878951
1237	71.938062
1238	71.997173
1239	72.056284
1240	72.115395
1241	72.174506
1242	72.233617
1243	72.292728
1244	72.351839
1245	72.410950
1246	72.470061
1247	72.529172
1248	72.588283
1249	72.647394
1250	72.706505
1251	72.765616
1252	72.824727
1253	72.883838
1254	72.942949
1255	73.002060
1256	73.061171
1257	73.120282
1258	73.179393
1259	73.238504
1260	73.297615
1261	73.356726
1262	73.415837
1263	73.474948
1264	73.534059
1265	73.593170
1266	73.652281
1267	73.711392
1268	73.770503
1269	73.829614
1270	73.888725
1271	73.947836
1272	74.006947
1273	74.066058
1274	74.125169
1275	74.184280
1276	74.243391
1277	74.302502
1278	74.361613
1279	74.420724
1280	74.479835
1281	74.538946
1282	74.598056
1283	74.657167
1284	74.716278
1285	74.775389
1286	74.834500
1287	74.893611
1288	74.952722
1289	75.011833
1290	75.070944
1291	75.130055
1292	75.189166
1293	75.248277
1294	75.307388
1295	75.366499
1296	75.425610
1297	75.484721
1298	75.543832
1299	75.602943
1300	75.662054
1301	75.721165
1302	75.780276
1303	75.839387
1304	75.898498
1305	75.957609
1306	76.016720
1307	76.075831
1308	76.134942
1309	76.194053
1310	76.253164
1311	76.312275
1312	76.371386
1313	76.430497
1314	76.489608
1315	76.548719
1316	76.607830
1317	76.666941
1318	76.726052
1319	76.785163
1320	76.844274
1321	76.903385
1322	76.962496
1323	77.021607
1324	77.080718
1325	77.139829
1326	77.198940
1327	77.258051
1328	77.317162
1329	77.376273
1330	77.435384
1331	77.494495
1332	77.553605
1333	77.612716
1334	77.671827
1335	77.730938
1336	77.790049
1337	77.849160
1338	77.908271
1339	77.967382
1340	78.026493
1341	78.085604
1342	78.144715
1343	78.203826
1344	78.262937
1345	78.322048
1346	78.381159
1347	78.440270
1348	78.499381
1349	78.558492
1350	78.617603
1351	78.676714
1352	78.735825
1353	78.794936
1354	78.854047
1355	78.913158
1356	78.972269
1357	79.031380
1358	79.090491
1359	79.149602
1360	79.208713
1361	79.267824
1362	79.326935
1363	79.386046
1364	79.445157
1365	79.504268
1366	79.563379
1367	79.622490
1368	79.681601
1369	79.740712
1370	79.799823
1371	79.858934
1372	79.918045
1373	79.977156
1374	80.036267
1375	80.095378
1376	80.154489
1377	80.213600
1378	80.272711
1379	80.331822
1380	80.390933
1381	80.450043
1382	80.509154
1383	80.568265
1384	80.627376
1385	80.686487
1386	80.745598
1387	80.804709
1388	80.863820
1389	80.922931
1390	80.982042
1391	81.041153
1392	81.100264
1393	81.159375
1394	81.218486
1395	81.277597
1396	81.336708
1397	81.395819
1398	81.454930
1399	81.514041
1400	81.573152
1401	81.632263
1402	81.691374
1403	81.750485
1404	81.809596
1405	81.868707
1406	81.927818
1407	81.986929
1408	82.046040
1409	82.105151
1410	82.164262
1411	82.223373
1412	82.282484
1413	82.341595
1414	82.400706
1415	82.459817
1416	82.518928
1417	82.578039
1418	82.637150
1419	82.696261
1420	82.755372
1421	82.814483
1422	82.873594
1423	82.932705
1424	82.991816
1425	83.050927
1426	83.110038
1427	83.169149
1428	83.228260
1429	83.287371
1430	83.346482
1431	83.405592
1432	83.464703
1433	83.523814
1434	83.582925
1435	83.642036
1436	83.701147
1437	83.760258
1438	83.819369
1439	83.878480
1440	83.937591
1441	83.996702
1442	84.055813
1443	84.114924
1444	84.174035
1445	84.233146
1446	84.292257
1447	84.351368
1448	84.410479
1449	84.469590
1450	84.528701
1451	84.587812
1452	84.646923
1453	84.706034
1454	84.765145
1455	84.824256
1456	84.883367
1457	84.942478
1458	85.001589
1459	85.060700
1460	85.119811
1461	85.178922
1462	85.238033
1463	85.297144
1464	85.356255
1465	85.415366
1466	85.474477
1467	85.533588
1468	85.592699
1469	85.651810
1470	85.710921
1471	85.770032
1472	85.829143
1473	85.888254
1474	85.947365
1475	86.006476
1476	86.065587
1477	86.124698
1478	86.183809
1479	86.242920
1480	86.302030
1481	86.361141
1482	86.420252
1483	86.479363
1484	86.538474
1485	86.597585
1486	86.656696
1487	86.715807
1488	86.774918
1489	86.834029
1490	86.893140
1491	86.952251
1492	87.011362
1493	87.070473
1494	87.129584
1495	87.188695
1496	87.247806
1497	87.306917
1498	87.366028
1499	87.425139
1500	87.484250
1501	87.543361
1502	87.602472
1503	87.661583
1504	87.720694
1505	87.779805
1506	87.838916
1507	87.898027
1508	87.957138
1509	88.016249
1510	88.075360
1511	88.134471
1512	88.193582
1513	88.252693
1514	88.311804
1515	88.370915
1516	88.430026
1517	88.489137
1518	88.548248
1519	88.607359
1520	88.666470
1521	88.725581
1522	88.784692
1523	88.843803
1524	88.902914
1525	88.962025
1526	89.021136
1527	89.080247
1528	89.139358
1529	89.198468
1530	89.257579
1531	89.316690
1532	89.375801
1533	89.434912
1534	89.494023
1535	89.553134
1536	89.612245
1537	89.671356
1538	89.730467
1539	89.789578
1540	89.848689
1541	89.907800
1542	89.966911
1543	90.026022
1544	90.085133
1545	90.144244
1546	90.203355
1547	90.262466
1548	90.321577
1549	90.380688
1550	90.439799
1551	90.498910
1552	90.558021
1553	90.617132
1554	90.676243
1555	90.735354
1556	90.794465
1557	90.853576
1558	90.912687
1559	90.971798
1560	91.030909
1561	91.090020
1562	91.149131
1563	91.208242
1564	91.267353
1565	91.326464
1566	91.385575
1567	91.444686
1568	91.503797
1569	91.562908
1570	91.622019
1571	91.681130
1572	91.740241
1573	91.799352
1574	91.858463
1575	91.917574
1576	91.976685
1577	92.035796
1578	92.094907
1579	92.154017
1580	92.213128
1581	92.272239
1582	92.331350
1583	92.390461
1584	92.449572
1585	92.508683
1586	92.567794
1587	92.626905
1588	92.686016
1589	92.745127
1590	92.804238
1591	92.863349
1592	92.922460
1593	92.981571
1594	93.040682
1595	93.099793
1596	93.158904
1597	93.218015
1598	93.277126
1599	93.336237
1600	93.395348
1601	93.454459
1602	93.513570
1603	93.572681
1604	93.631792
1605	93.690903
1606	93.750014
1607	93.809125
1608	93.868236
1609	93.927347
1610	93.986458
1611	94.045569
1612	94.104680
1613	94.163791
1614	94.222902
1615	94.282013
1616	94.341124
1617	94.400235
1618	94.459346
1619	94.518457
1620	94.577568
1621	94.636679
1622	94.695790
1623	94.754901
1624	94.814012
1625	94.873123
1626	94.932234
1627	94.991345
1628	95.050455
1629	95.109566
1630	95.168677
1631	95.227788
1632	95.286899
1633	95.346010
1634	95.405121
1635	95.464232
1636	95.523343
1637	95.582454
1638	95.641565
1639	95.700676
1640	95.759787
1641	95.818898
1642	95.878009
1643	95.937120
1644	95.996231
1645	96.055342
1646	96.114453
1647	96.173564
1648	96.232675
1649	96.291786
1650	96.350897
1651	96.410008
1652	96.469119
1653	96.528230
1654	96.587341
1655	96.646452
1656	96.705563
1657	96.764674
1658	96.823785
1659	96.882896
1660	96.942007
1661	97.001118
1662	97.060229
1663	97.119340
1664	97.178451
1665	97.237562
1666	97.296673
1667	97.355784
1668	97.414895
1669	97.474006
1670	97.533117
1671	97.592228
1672	97.651339
1673	97.710450
1674	97.769561
1675	97.828672
1676	97.887783
1677	97.946894
1678	98.006004
1679	98.065115
1680	98.124226
1681	98.183337
1682	98.242448
1683	98.301559
1684	98.360670
1685	98.419781
1686	98.478892
1687	98.538003
1688	98.597114
1689	98.656225
1690	98.715336
1691	98.774447
1692	98.833558
1693	98.892669
1694	98.951780
1695	99.010891
1696	99.070002
1697	99.129113
1698	99.188224
1699	99.247335
1700	99.306446
1701	99.365557
1702	99.424668
1703	99.483779
1704	99.542890
1705	99.602001
1706	99.661112
1707	99.720223
1708	99.779334
1709	99.838445
1710	99.897556
1711	99.956667
1712	100.015778
1713	100.074889
1714	100.134000
1715	100.193111
1716	100.252222
1717	100.311333
1718	100.370444
1719	100.429555
1720	100.488666
1721	100.547777
1722	100.606888
1723	100.665999
1724	100.725110
1725	100.784221
1726	100.843332
1727	100.902442
1728	100.961553
1729	101.020664
1730	101.079775
1731	101.138886
1732	101.197997
1733	101.257108
1734	101.316219
1735	101.375330
1736	101.434441
1737	101.493552
1738	101.552663
1739	101.611774
1740	101.670885
1741	101.729996
1742	101.789107
1743	101.848218
1744	101.907329
1745	101.966440
1746	102.025551
1747	102.084662
1748	102.143773
1749	102.202884
1750	102.261995
1751	102.321106
1752	102.380217
1753	102.439328
1754	102.498439
1755	102.557550
1756	102.616661
1757	102.675772
1758	102.734883
1759	102.793994
1760	102.853105
1761	102.912216
1762	102.971327
1763	103.030438
1764	103.089549
1765	103.148660
1766	103.207771
1767	103.266882
1768	103.325993
1769	103.385104
1770	103.444215
1771	103.503326
1772	103.562437
1773	103.621548
1774	103.680659
1775	103.739770
1776	103.798881
1777	103.857991
1778	103.917102
1779	103.976213
1780	104.035324
1781	104.094435
1782	104.153546
1783	104.212657
1784	104.271768
1785	104.330879
1786	104.389990
1787	104.449101
1788	104.508212
1789	104.567323
1790	104.626434
1791	104.685545
1792	104.744656
1793	104.803767
1794	104.862878
1795	104.921989
1796	104.981100
1797	105.040211
1798	105.099322
1799	105.158433
1800	105.217544
1801	105.276655
1802	105.335766
1803	105.394877
1804	105.453988
1805	105.513099
1806	105.572210
1807	105.631321
1808	105.690432
1809	105.749543
1810	105.808654
1811	105.867765
1812	105.926876
1813	105.985987
1814	106.045098
1815	106.104209
1816	106.163320
1817	106.222431
1818	106.281542
1819	106.340653
1820	106.399764
1821	106.458875
1822	106.517986
1823	106.577097
1824	106.636208
1825	106.695319
1826	106.754429
1827	106.813540
1828	106.872651
1829	106.931762
1830	106.990873
1831	107.049984
1832	107.109095
1833	107.168206
1834	107.227317
1835	107.286428
1836	107.345539
1837	107.404650
1838	107.463761
1839	107.522872
1840	107.581983
1841	107.641094
1842	107.700205
1843	107.759316
1844	107.818427
1845	107.877538
1846	107.936649
1847	107.995760
1848	108.054871
1849	108.113982
1850	108.173093
1851	108.232204
1852	108.291315
1853	108.350426
1854	108.409537
1855	108.468648
1856	108.527759
1857	108.586870
1858	108.645981
1859	108.705092
1860	108.764203
1861	108.823314
1862	108.882425
1863	108.941536
1864	109.000647
1865	109.059758
1866	109.118869
1867	109.177980
1868	109.237091
1869	109.296202
1870	109.355313
1871	109.414424
1872	109.473535
1873	109.532646
1874	109.591757
1875	109.650868
1876	109.709978
1877	109.769089
1878	109.828200
1879	109.887311
1880	109.946422
1881	110.005533
1882	110.064644
1883	110.123755
1884	110.182866
1885	110.241977
1886	110.301088
1887	110.360199
1888	110.419310
1889	110.478421
1890	110.537532
1891	110.596643
1892	110.655754
1893	110.714865
1894	110.773976
1895	110.833087
1896	110.892198
1897	110.951309
1898	111.010420
1899	111.069531
1900	111.128642
1901	111.187753
1902	111.246864
1903	111.305975
1904	111.365086
1905	111.424197
1906	111.483308
1907	111.542419
1908	111.601530
1909	111.660641
1910	111.719752
1911	111.778863
1912	111.837974
1913	111.897085
1914	111.956196
1915	112.015307
1916	112.074418
1917	112.133529
1918	112.192640
1919	112.251751
1920	112.310862
1921	112.369973
1922	112.429084
1923	112.488195
1924	112.547306
1925	112.606416
1926	112.665527
1927	112.724638
1928	112.783749
1929	112.842860
1930	112.901971
1931	112.961082
1932	113.020193
1933	113.079304
1934	113.138415
1935	113.197526
1936	113.256637
1937	113.315748
1938	113.374859
1939	113.433970
1940	113.493081
1941	113.552192
1942	113.611303
1943	113.670414
1944	113.729525
1945	113.788636
1946	113.847747
1947	113.906858
1948	113.965969
1949	114.025080
1950	114.084191
1951	114.143302
1952	114.202413
1953	114.261524
1954	114.320635
1955	114.379746
1956	114.438857
1957	114.497968
1958	114.557079
1959	114.616190
1960	114.675301
1961	114.734412
1962	114.793523
1963	114.852634
1964	114.911745
1965	114.970856
1966	115.029967
1967	115.089078
1968	115.148189
1969	115.207300
1970	115.266411
1971	115.325522
1972	115.384633
1973	115.443744
1974	115.502854
1975	115.561965
1976	115.621076
1977	115.680187
1978	115.739298
1979	115.798409
1980	115.857520
1981	115.916631
1982	115.975742
1983	116.034853
1984	116.093964
1985	116.153075
1986	116.212186
1987	116.271297
1988	116.330408
1989	116.389519
1990	116.448630
1991	116.507741
1992	116.566852
1993	116.625963
1994	116.685074
1995	116.744185
1996	116.803296
1997	116.862407
1998	116.921518
1999	116.980629
2000	117.039740
2001	117.098851
2002	117.157962
2003	117.217073
2004	117.276184
2005	117.335295
2006	117.394406
2007	117.453517
2008	117.512628
2009	117.571739
2010	117.630850
2011	117.689961
2012	117.749072
2013	117.808183
2014	117.867294
2015	117.926405
2016	117.985516
2017	118.044627
2018	118.103738
2019	118.162849
2020	118.221960
2021	118.281071
2022	118.340182
2023	118.399293
2024	118.458403
2025	118.517514
2026	118.576625
2027	118.635736
2028	118.694847
2029	118.753958
2030	118.813069
2031	118.872180
2032	118.931291
2033	118.990402
2034	119.049513
2035	119.108624
2036	119.167735
2037	119.226846
2038	119.285957
2039	119.345068
2040	119.404179
2041	119.463290
2042	119.522401
2043	119.581512
2044	119.640623
2045	119.699734
2046	119.758845
2047	119.817956
